txl1_x,txl1_y,txl1_z,txl2_x,txl2_y,txl2_z,txl3_x,txl3_y,txl3_z,txl4_x,txl4_y,txl4_z,txl5_x,txl5_y,txl5_z,txl6_x,txl6_y,txl6_z,txl7_x,txl7_y,txl7_z,txl8_x,txl8_y,txl8_z,txl9_x,txl9_y,txl9_z,txl10_x,txl10_y,txl10_z,txl11_x,txl11_y,txl11_z,txl12_x,txl12_y,txl12_z,txl13_x,txl13_y,txl13_z,txl14_x,txl14_y,txl14_z,txl15_x,txl15_y,txl15_z,txl16_x,txl16_y,txl16_z
-0.029879747592429912,-0.027535398344939236,-0.07778946074270338,-0.034920832597081834,-0.0487205714097415,0.011799325950152845,-0.017631078169980198,-0.032984865082077326,-0.07177578616070412,-0.02940161474655137,-0.050998144787721245,-0.06870790001379799,-0.08028900066708845,0.032255472405840195,-0.01570726603755523,-0.08039199289868701,0.006076033322715896,-0.03887612093613684,-0.027677209118659913,0.019578585081198852,-0.02206502444748621,-0.11499920215373613,-0.04820716972186658,-0.02711453805558956,-0.10620364311175516,0.09983224906399366,-0.09211613190622418,-0.04281108523766645,0.009770279176067743,-0.0464115681949239,-0.0293119399852053,0.032613803680013126,-0.040023467985970514,-0.19795835524461058,0.038174844866565104,-0.042036394367245364,-0.035613611557530934,0.033060565276215995,-0.06172393356408228,0.009935069191189088,0.025431204316683526,-0.049160212041911906,-0.03687908015815913,0.03269976236734896,-0.046374795284954334,-0.20310000524796473,0.0910343195211705,-0.03897500226845727
-0.031713522093872154,-0.027507813582768593,-0.07791421916880599,-0.04590849246374495,-0.055174165521355546,0.018957603342986577,-0.01990627803412127,-0.029089311030042666,-0.07069310974813221,-0.033734568661676054,-0.05811447987609996,-0.062065471199814155,-0.0854418370704498,0.03991479261414178,-0.017825057380973553,-0.07141579574430693,0.004258734077334406,-0.03589655813906787,-0.02538627687131953,0.00910067275687734,-0.023059837536603033,-0.11080497933742926,-0.05298287537820263,-0.03753482609610835,-0.10959340305026002,0.09774194023806929,-0.09562427131816288,-0.043813973154286374,0.0030499699183525104,-0.0437449712506791,-0.030833801170290505,0.03578893953741753,-0.039882444545138396,-0.1989702068404554,0.04003887398584035,-0.04689864783324836,-0.03954307584762558,0.024897120295434522,-0.06535735332106474,0.006287546495191921,0.023772623834213694,-0.056163587581726425,-0.04835670961356497,0.028801844759629644,-0.05524162977826837,-0.20846824933892297,0.08608353929640077,-0.031027013800069395
-0.028276307101770145,-0.0283531146274075,-0.07210070732596292,-0.03682640824301993,-0.048689800548316585,0.010888268353613095,-0.01690009997274078,-0.030549794271615607,-0.07602177684198444,-0.031535908120467346,-0.05101664710566226,-0.0656305922626169,-0.09669565386468537,0.02842823124384534,-0.017700853000240786,-0.07512507389289579,0.0023332315221993656,-0.037711132516296174,-0.019808856277003257,0.011806997726066895,-0.013307019368850008,-0.11521930461075175,-0.05000625016534648,-0.02892651403192998,-0.11172354659352468,0.10197655785415384,-0.09023351681431549,-0.047559932286626985,0.006404623388510017,-0.0417429725451245,-0.03041933050433034,0.031302630260058896,-0.04126987981722076,-0.19848262289641627,0.038272874026905795,-0.03858972936122167,-0.0319011803601745,0.027107838446573995,-0.06694519095261885,0.010002312522004187,0.02113513251304793,-0.050048853911249885,-0.03747162900004084,0.026414323815065335,-0.05611453741484862,-0.2154026242517488,0.08588487054682606,-0.02571460930566913
-0.026015677131570526,-0.025183351745778737,-0.08194834998505839,-0.04526423164066435,-0.057000566847493196,0.014374959877641974,-0.018066074908811628,-0.029152597282961133,-0.06913351148612767,-0.02821864908730987,-0.056316822622293525,-0.06553389752949768,-0.08624126780796947,0.03144913464062065,-0.011451990457439413,-0.0724938733075001,0.00402542985523605,-0.03925301095388396,-0.025466153021871087,0.014201249113810157,-0.025809009597395176,-0.10882610657773081,-0.0476091495631793,-0.027239941779206384,-0.10746450254982409,0.10687700100311825,-0.09596189425842777,-0.04281108523766645,0.009770279176067743,-0.0464115681949239,-0.02368055942490621,0.0338078679272693,-0.04129843595859609,-0.20016757834189988,0.03455470067408819,-0.038688178026595854,-0.03545296780997909,0.030238205119161355,-0.06187622095608485,0.013595796997183301,0.019716760565522587,-0.05027553525581346,-0.04002279219998492,0.029242340333044438,-0.0587262142795294,-0.21506325603207388,0.08951402543779066,-0.03355315661900266
-0.026492369421863067,-0.03547593225100418,-0.07216646817661827,-0.03905565072725507,-0.04860360398189515,0.012381905937194938,-0.01814315399483472,-0.037334757268446005,-0.06885107400968601,-0.030187518747475137,-0.043942951839068704,-0.06361421038852119,-0.08000248594709614,0.03737796372312721,-0.017578135030307942,-0.0704620493698264,0.002611311630484078,-0.03283082421359997,-0.02285072424539294,0.01502208350380072,-0.025094445882821177,-0.11749264500266013,-0.04479748569381011,-0.02667824368082234,-0.11298192757489622,0.10233033429751374,-0.09661564352984067,-0.043866914940766215,0.0016443501384024106,-0.05018858987156625,-0.02976742502742173,0.025379695832224457,-0.043766053245812335,-0.2008468526644355,0.040161609240788494,-0.045961756677448264,-0.03943935001560651,0.029034429450271182,-0.070878010856794,0.006924785957703758,0.0224905266993005,-0.05185078385747117,-0.041879596394807914,0.029775481530128472,-0.04557804677055842,-0.2085108191796885,0.09048397571050554,-0.03017862843796326
-0.02977413568730285,-0.02544224701231165,-0.079958065125384,-0.04764249421291184,-0.04488422036331742,0.015499808905655903,-0.023613670016019984,-0.03306051221389812,-0.07367627014890733,-0.026547510373951668,-0.05454310185474533,-0.06560486640637052,-0.08521265801316863,0.03815064132409558,-0.020452291255125214,-0.07525050929086123,0.0004512824429298151,-0.03800591554239229,-0.02233746372648778,0.013414711642997419,-0.028671450494960726,-0.11560013481195076,-0.05025529777043973,-0.02115483960998107,-0.11206125798368319,0.09730795008935107,-0.08802771306178443,-0.041810113066545036,0.006589576760987436,-0.050759730665536795,-0.03128043579731265,0.02855419407751161,-0.0436274660260713,-0.19830786846496481,0.038240194443032414,-0.039738486326556716,-0.036458355137416215,0.027439692654459714,-0.06798909141426238,0.013577709650437735,0.021147944144002655,-0.04998377927413284,-0.04177438210706955,0.02714778235135346,-0.04750562252630935,-0.21168653735646542,0.08794903235496898,-0.03409135911092342
-0.03360827621139353,-0.02941668522455907,-0.07699415881045545,-0.045578358367850985,-0.046657859035426456,0.015434669507822312,-0.021288385668077222,-0.030814448407586265,-0.07496752057792123,-0.028606647925384702,-0.05809727314319307,-0.06298379380210757,-0.08727169511493464,0.02870718829594821,-0.020035975907288263,-0.06907202898955722,0.0060343602515509085,-0.03640668180460374,-0.028380485264015445,0.016733533014354943,-0.026109230422029627,-0.11000769362832044,-0.053321535522893204,-0.02233690758426873,-0.10786700803314495,0.106609662193403,-0.09130612171038825,-0.04217220226760119,0.01314855219316199,-0.048261103869292464,-0.0300401991543354,0.03308858234272437,-0.044056931066203835,-0.19623775753425596,0.034276865972560716,-0.041720361357239555,-0.03668869665100711,0.030277239800122764,-0.06677677365310623,0.006951092252272261,0.021057751865602038,-0.052150223355777375,-0.041983773680780115,0.03170196220942869,-0.05482693387610338,-0.2185450315572876,0.0908774021155102,-0.03061441780602106
-0.03198916001052235,-0.028456642567468254,-0.07124175749973034,-0.04367272957802588,-0.044974053273985334,0.016125471964284627,-0.019414475383735197,-0.026782371688652877,-0.0735455817281788,-0.03658165402945565,-0.054614774243482773,-0.05437311786085243,-0.08585105458378958,0.03453382057838347,-0.014764125275972036,-0.07490224178827831,0.002821186756476809,-0.03123853040435166,-0.031187341936741254,0.01417973779533212,-0.02367156224360588,-0.11044877314107814,-0.047810637510691804,-0.025588545929886134,-0.10783288721677486,0.10440288496726795,-0.0925380070716711,-0.03888506030419971,0.003134890998201725,-0.049660619985171364,-0.029673147726169857,0.038013033542629665,-0.047542725019562304,-0.20001806504967076,0.0402345201740891,-0.0400053400512203,-0.03647488940858132,0.026054301214876164,-0.06649035913926364,0.012587637998154528,0.016983442418718412,-0.046791560183791964,-0.03960862208390555,0.027454083599312933,-0.05159224168778162,-0.2083771207330445,0.08774960602550082,-0.033146619087728674
-0.03154713557675582,-0.023477218046707597,-0.08112801809306361,-0.04209260119134225,-0.05180686742530167,0.020327042077428317,-0.019449669320169175,-0.030876803194315173,-0.07340679156374119,-0.030889891887932685,-0.051044025200341014,-0.05898386636342434,-0.08076706018041346,0.033493205954327934,-0.010704735591059156,-0.0766823191553041,0.00800148186372936,-0.037060857463851266,-0.026445729164512495,0.013005782438346835,-0.028519578934106737,-0.10840975562123616,-0.0456914514849467,-0.0293037807549358,-0.11169363236965328,0.0930990278326138,-0.09397230973544797,-0.040617533983845946,0.00978154617652242,-0.04834006633810355,-0.033872104962856836,0.027282252701737994,-0.04403227282065421,-0.19945916935594052,0.032519296115254955,-0.0432294772621403,-0.04150891063433769,0.03205523520144145,-0.06506702813821337,0.005351541186902993,0.018168901821859425,-0.053294321617019226,-0.03734502840830949,0.02513664140731244,-0.057608143618987154,-0.2102441611216465,0.09043346968408213,-0.028849742056247806
-0.03189729509838298,-0.028140434164488647,-0.07346542705597267,-0.04461327944403876,-0.05025405470106401,0.008668672296382799,-0.023337857879200414,-0.026783307341449295,-0.07527298555481453,-0.027047634811972428,-0.05102022524281833,-0.06235690101522606,-0.08847210886149864,0.030653735922392008,-0.0076609784267272565,-0.06935767154764139,0.0061189268415745715,-0.03536789395281746,-0.03136979941085377,0.011450934508636818,-0.03221709389185227,-0.1173489006549474,-0.0505405114872163,-0.016915583579860522,-0.10979497710599595,0.09761043594335234,-0.09329479694369165,-0.043638006304045095,0.00992364389894141,-0.04964907690241243,-0.02921410605714895,0.02795414516057563,-0.039460258319181166,-0.1972212894870092,0.030427032855271152,-0.04641945556110541,-0.03800637850928756,0.028946453384089167,-0.06913034997330404,0.011376310709842505,0.022621453736072966,-0.04819548945311865,-0.03734558619453996,0.025839021575378734,-0.046429238312967705,-0.21013889449250636,0.09063335043211834,-0.03125121566995385
-0.026547564843790172,-0.03047035041566281,-0.06979806936746644,-0.032848107299762584,-0.05220743132940527,0.011941643433938531,-0.013485664275858903,-0.03284789713998837,-0.07143747727058113,-0.03263577799177275,-0.04928078331029958,-0.05845982840071612,-0.08992389923397304,0.03601980556461003,-0.010495086949717979,-0.07113021187051126,0.004174110882620366,-0.036935142604653956,-0.027091993072050777,0.01458193490395441,-0.023816808288119697,-0.114420359950652,-0.0536476078411303,-0.026432279870720103,-0.11085098702513792,0.10477797072539619,-0.09948540619621804,-0.04029752208708516,0.011470851152780213,-0.04926581844705961,-0.026250723879799494,0.030309207956955256,-0.04991454338553653,-0.19849125948043564,0.04017701007965766,-0.038644243602917364,-0.0379041605737448,0.026143003322249135,-0.06824637858964364,0.010830633694556847,0.02411744862823163,-0.04586496770722403,-0.03960862208390555,0.027454083599312933,-0.05159224168778162,-0.21535342104311805,0.0919464906527931,-0.026983177141238147
-0.02804602381922699,-0.027563026849269902,-0.0776649290236348,-0.04493482071820923,-0.04848351722952883,0.010850058483307473,-0.013983763413564247,-0.03515057721561714,-0.06858255596040054,-0.026834963604125083,-0.051013630130419305,-0.06374626785210577,-0.08317920705588297,0.02555305823338035,-0.006477630426265008,-0.07499964003962248,0.004215327396824163,-0.03741601823931886,-0.021840090513404267,0.014519905452824224,-0.02147070629919261,-0.11457888062240618,-0.05540253514488128,-0.029542665341497833,-0.1027803283527793,0.09971664047707969,-0.08983915135969843,-0.04624807048796541,0.005163476834023549,-0.05335279322446004,-0.0313219330993668,0.0348267222881207,-0.04502886731144581,-0.19471059218037806,0.0342200138732377,-0.04036339783687119,-0.0395712439755639,0.02906711197461629,-0.06877218472875749,0.012464496784438485,0.019629430779414987,-0.05285358550626808,-0.043685119870966176,0.03160222046140732,-0.053918109829997646,-0.21161983107998183,0.08658219660956074,-0.035575094842924565
-0.028092087672440976,-0.027721078367524226,-0.07655184251737562,-0.039540181945118456,-0.05023473902010951,0.01620843752153792,-0.016268964573810225,-0.033305331415833354,-0.06743265731653551,-0.031139510286655486,-0.04928230210509315,-0.057366666588031384,-0.08995512593480652,0.047205630384972316,-0.008057645837856871,-0.07820129041110298,0.0026923002074574756,-0.03379996060010723,-0.022792984048429374,0.009907524113223255,-0.02234000831781231,-0.10959328712607416,-0.05140334399678915,-0.02440442391114924,-0.11372308180987808,0.09739952445302269,-0.08974722822234199,-0.04464745988366794,0.013356709165384069,-0.05163532574398162,-0.03116659768203219,0.03491402572367102,-0.04600383607209847,-0.19103792576566803,0.03992250074660447,-0.030693778566367236,-0.03799099408223466,0.030332473315717774,-0.0706258941971992,0.009849059487162456,0.02521665788632044,-0.055808301107464195,-0.03935153487116467,0.02489666667929285,-0.054578860793685506,-0.21347283283964072,0.08779910834568518,-0.03156177734141769
-0.03382263962653214,-0.02842948884489501,-0.07136886319188872,-0.03747263589875565,-0.050293144844361426,0.01591649577097678,-0.010646176954139715,-0.02830434268575341,-0.07558926165641361,-0.028468764711890446,-0.054555326757875146,-0.06391199086882916,-0.07917469353007889,0.030673980379557323,-0.008813566776361829,-0.07347523049378643,0.002397764745817752,-0.03642983943786425,-0.02408725403100614,0.013771187867913915,-0.02555440341804257,-0.10950210988357985,-0.052986096267081145,-0.032709899928582115,-0.11148656070376195,0.10658208520317718,-0.09127296845547825,-0.04510268068946684,0.006699147511212905,-0.051038125463922945,-0.03154440248549055,0.03312748480567374,-0.04321666441147955,-0.19766370607576464,0.04025001105286562,-0.03269062946692342,-0.033286511272772115,0.025793739646000357,-0.06824021662056459,0.011135059558135414,0.021222073459312246,-0.04747238544657183,-0.04099008900978084,0.026784368301644997,-0.0639867432022287,-0.21885620718754484,0.08432017566480705,-0.02334363156897102
-0.031759470742528884,-0.02766599420016871,-0.07680183951555405,-0.04558259132014385,-0.05180176283279836,0.01610517419235599,-0.01946730234128432,-0.03292361992727421,-0.07333678764848249,-0.03021486866621238,-0.0527927823094044,-0.06338011569616558,-0.08811940050628819,0.029153950520238066,-0.011471760458126062,-0.07290413913790254,0.002228406681251381,-0.038506641354197145,-0.026013299645668495,0.017504317822775117,-0.023145685835152443,-0.11343976161984498,-0.04804733133623196,-0.027469044081197137,-0.10986210355620767,0.09533995999241322,-0.09335880305412768,-0.040524545067847084,0.013094184139441066,-0.04812450786867012,-0.030864170050212265,0.027906516128701486,-0.03764511164346481,-0.19407843130901464,0.03813378872410202,-0.0333629817271953,-0.04125650804664992,0.03060517533986503,-0.06779378308101834,0.011355670778113742,0.024053078332541458,-0.04790087878052766,-0.03779367634433425,0.03293963691175839,-0.05076155562034708,-0.21683563999018465,0.08789756120544814,-0.03130744654572801
-0.02465574882887644,-0.028565694879361444,-0.07073560180143731,-0.03921566826514101,-0.053718793621035946,0.014245674005224614,-0.013911882079205818,-0.029019617582971224,-0.06879775596457192,-0.02829342287001609,-0.052780770197300854,-0.06506993843006825,-0.08312328751901578,0.03243096522080028,-0.00572579379509684,-0.07458892237555295,0.0060129309779015875,-0.038159785436038374,-0.02291601165098236,0.00988354714680901,-0.021216847246707207,-0.11178597644174927,-0.04617394036010609,-0.023417088052972698,-0.10840112657014543,0.09511585054572232,-0.08931282697236505,-0.033483030672080215,0.009628723978609961,-0.049857011249386955,-0.03185439231153539,0.03295311263095719,-0.04126716510691618,-0.1969558801906573,0.03821559078177928,-0.037230112934429495,-0.03627709528800651,0.026004680683602798,-0.06964737833289543,0.012222695390137485,0.01823010791774213,-0.05212920006207807,-0.038725158785835184,0.025168476848931552,-0.05881842889829212,-0.21331532313084878,0.08809831706765096,-0.035164688347363
-0.031894518087664525,-0.03331285634202406,-0.0747639181917393,-0.04477578450058006,-0.0519411595985121,0.010094710801488627,-0.017154854156244605,-0.027689512358614804,-0.06208028488125941,-0.03338370146296132,-0.05456547252001537,-0.06439557383145005,-0.08425750524705858,0.03171761139768053,-0.012869612905677303,-0.07874260111546666,0.006139691367352202,-0.03759764413714879,-0.021036264269790286,0.007838523107929407,-0.024533835982231175,-0.11295964297119088,-0.0518956940651731,-0.018501832474792618,-0.10816731938068068,0.0997248018383308,-0.09034448532868088,-0.044829540767716954,0.006731904308396749,-0.052071328097601066,-0.02741626965259293,0.031224439384916963,-0.04295109258237212,-0.19536299239918295,0.034112917261003,-0.0474702027553999,-0.0330881778341694,0.02574401506065965,-0.07139773138755517,0.00827230419794375,0.025409810460626493,-0.04969631455201454,-0.03747760687022764,0.03237533827921385,-0.0640661471277363,-0.206499829573476,0.08956623882602993,-0.037797888901660665
-0.033562357650312596,-0.029258519174215326,-0.07810598881013017,-0.04128447898213059,-0.0485173912083024,0.013874977925117311,-0.015729755229165185,-0.02691113391784648,-0.07042734159110903,-0.02953226609549143,-0.05458734331184499,-0.05696436872949588,-0.08255906104002969,0.026870077777782612,-0.01241469721901976,-0.0708069859478809,0.0002425357288408375,-0.03959156201473393,-0.027895232484562,0.017829128852638713,-0.018904804293813166,-0.11506283231262575,-0.048248595838183965,-0.025819394524992278,-0.10417493557029273,0.10221630031342097,-0.09381540048826752,-0.03847068780416269,0.00813629073512828,-0.05037563070257419,-0.02844186912033813,0.02838874587946132,-0.04433434626084684,-0.19830786846496481,0.038240194443032414,-0.039738486326556716,-0.03926780472645232,0.026215076392636646,-0.0710552447165566,0.009084162195950889,0.023880757929436915,-0.05304952433545264,-0.03929493992598268,0.027589847777305422,-0.05371130605796631,-0.20520268721332557,0.09028456748685242,-0.029235080297233988
-0.03379191447219045,-0.030049179612800007,-0.07254804964538045,-0.04079957872519023,-0.05202994724940903,0.01071087290273804,-0.019703945256401716,-0.03305333655702148,-0.07194524656476019,-0.03281142385547161,-0.05105563510147541,-0.057298705762278995,-0.08411481170647646,0.03427532423572143,-0.013806242616068169,-0.0733145136205274,0.00043159569083089624,-0.03776064377707774,-0.028751591124703667,0.016658583049572157,-0.022738506716418323,-0.11254781920637126,-0.04997446382903993,-0.020573100237962237,-0.10955992452238028,0.10221879495842501,-0.09432999612681708,-0.04126352838041404,0.006655067531097522,-0.05282627092652189,-0.0328287815680877,0.034865461539524446,-0.044188889483351604,-0.20151248265102503,0.03267466552829588,-0.04113702708573565,-0.03838749311846823,0.03043005424360495,-0.06430806004948353,0.00890755915161918,0.02412790701582078,-0.045384660466448436,-0.034768535517449184,0.030313009777033682,-0.05133231457270679,-0.213406214180026,0.08643274355069136,-0.0330451565774912
-0.029912082691058443,-0.025916883509621347,-0.0766189139548095,-0.04302996174230229,-0.05194374817871904,0.012206394807222293,-0.01616736005908894,-0.028113999675166326,-0.08026923579865203,-0.020648023370918124,-0.05096280944409881,-0.07159554360988098,-0.08461077521882339,0.03321822240783796,-0.009056869631063395,-0.06960492330359182,0.002357411093058883,-0.035944958675929665,-0.027338903284664946,0.014532616325121468,-0.021570093902940488,-0.11915043229793022,-0.05418242574157383,-0.024051464702424783,-0.1129180012946804,0.09792509728704712,-0.09906511651066219,-0.04222502028640422,0.011745139886630026,-0.05470837836867739,-0.02989996430095608,0.03631295699772626,-0.045731039372344615,-0.196597040456696,0.03624629160234597,-0.03947465472331414,-0.04113598265998858,0.029187605022594758,-0.06841419555323083,0.007238995910192746,0.01959277493811073,-0.05346699450621994,-0.04156444018146344,0.0292088916645786,-0.058876787984221565,-0.21527310776044567,0.08911468095691084,-0.028750399040842107
-0.029925753843365266,-0.02769351441276646,-0.07667672766294782,-0.037635557690418514,-0.04855121985484337,0.016899334871170978,-0.019957723872069434,-0.03522949356110549,-0.07048361989330597,-0.026897989235742575,-0.058091304253842825,-0.0632904913014399,-0.08988701281473725,0.040599954817965994,-0.00999558721741487,-0.0795661886474044,0.0025430227272930516,-0.036120150375386774,-0.02641638477568657,0.011306904162229703,-0.02760372626730276,-0.10720356623623961,-0.04740749424998028,-0.028892326788654513,-0.1042396090577727,0.09993971140357862,-0.09388835933104098,-0.0402105378533905,0.00487856575223094,-0.05072733334126294,-0.02791439779176407,0.03339847043130906,-0.04879792703268301,-0.1996517238670921,0.03636048449079951,-0.04219167634979089,-0.036458355137416215,0.027439692654459714,-0.06798909141426238,0.0053803928930687564,0.021251095750665642,-0.046044764318716194,-0.038255116701554834,0.02537233071899381,-0.06199900665410368,-0.21531477528774073,0.09351272617612257,-0.027899437634898817
-0.029925753843365266,-0.02769351441276646,-0.07667672766294782,-0.037635557690418514,-0.04855121985484337,0.016899334871170978,-0.019957723872069434,-0.03522949356110549,-0.07048361989330597,-0.026897989235742575,-0.058091304253842825,-0.0632904913014399,-0.08988701281473725,0.040599954817965994,-0.00999558721741487,-0.0795661886474044,0.0025430227272930516,-0.036120150375386774,-0.02641638477568657,0.011306904162229703,-0.02760372626730276,-0.10720356623623961,-0.04740749424998028,-0.028892326788654513,-0.1042396090577727,0.09993971140357862,-0.09388835933104098,-0.0402105378533905,0.00487856575223094,-0.05072733334126294,-0.02791439779176407,0.03339847043130906,-0.04879792703268301,-0.1996517238670921,0.03636048449079951,-0.04219167634979089,-0.036458355137416215,0.027439692654459714,-0.06798909141426238,0.0053803928930687564,0.021251095750665642,-0.046044764318716194,-0.038255116701554834,0.02537233071899381,-0.06199900665410368,-0.21531477528774073,0.09351272617612257,-0.027899437634898817
-0.030114259787962602,-0.02315435337474605,-0.070937231120795,-0.038085068128158955,-0.04876981008792068,0.005166056701866681,-0.025225644418409545,-0.03491904185060119,-0.0765611062035781,-0.03167416752386767,-0.05456005483748382,-0.06469745450125426,-0.09049137792571639,0.02580939524414395,-0.006741761587856703,-0.07652322437191046,0.006033968808097198,-0.038398335105181064,-0.0298969424321722,0.012030320994213762,-0.021378818809146112,-0.10801028692636504,-0.0528633093769576,-0.03177760126381922,-0.11342122880741885,0.09759652015606814,-0.09324068586963845,-0.042537754121848514,0.009803204401758945,-0.04744467894358356,-0.029419370959352112,0.03343745249747281,-0.04795709485399702,-0.20015892752144737,0.03265079965053346,-0.03863143235287927,-0.03813839815436729,0.028979156907416873,-0.06702477187897854,0.00895478008458047,0.021263982347454587,-0.04597891245098874,-0.03561980814103005,0.02728637087226748,-0.04690472280598561,-0.2135008785636875,0.09073158951556849,-0.03099558048555507
-0.026304590086895945,-0.027906656051810048,-0.07531386522943713,-0.04445291725136962,-0.05199689179399185,0.0076896801250529315,-0.015299025992816124,-0.030741897376870365,-0.07306945186392848,-0.029994823639218286,-0.052832430624177064,-0.05395754401225127,-0.08570847314880205,0.03709139939203802,-0.01570092716944721,-0.06738392860655276,0.0022526229275101925,-0.036740857505452855,-0.026692137702323985,0.012956954950477568,-0.026272263308063922,-0.11717036537710018,-0.061214449206341004,-0.02682776092558597,-0.10966059149117097,0.1021525185562982,-0.09316568126785403,-0.042264400612728625,0.009836136006382404,-0.048477871265227776,-0.032075210814048995,0.03125454603153587,-0.039455056119242306,-0.1926995346221312,0.041680575775276986,-0.04265325780919984,-0.03802132833124891,0.02756097860943066,-0.06763567334701832,0.009369980831986377,0.02241609884178164,-0.05436501050508465,-0.03838256836643216,0.02665074097819401,-0.06050485311962055,-0.2118583390913973,0.08911615389419228,-0.030205760753956475
-0.03724075913745649,-0.02061991016580415,-0.0757560677053372,-0.040961311252209656,-0.05028752317740922,0.011691794361802036,-0.015321361704844355,-0.032786694317716115,-0.07299812103870978,-0.029495001831050575,-0.056354917031664016,-0.05719390020846054,-0.07911779276038182,0.03756099526968287,-0.008055950840068254,-0.07471428064193415,0.004130656380938305,-0.038454899205953144,-0.024330585578048066,0.012719804976993774,-0.035007869130091886,-0.111212978496522,-0.05160798536541657,-0.02274784869954419,-0.11335728390695418,0.09319324600133665,-0.09568771491096269,-0.04826144262787215,0.011776087987771725,-0.050986561591815936,-0.02844186912033813,0.02838874587946132,-0.04433434626084684,-0.1984738483453284,0.036368860527021284,-0.03853496514755237,-0.036193598414156716,0.021817441275783247,-0.06725625076997606,0.014295542091210593,0.02677655822727206,-0.051870615171015,-0.03561943758416748,0.02658514562416443,-0.05808432053398505,-0.21512965388118524,0.09088035948191277,-0.03206893119719477
-0.02995805782893829,-0.026075061712764438,-0.07550610573134278,-0.04047661014173289,-0.04865593430927736,0.007863251850841796,-0.015536224335337231,-0.030871632946856253,-0.07167777357270483,-0.035841969400984774,-0.04928401154974229,-0.059258621168445554,-0.08457340319731868,0.03780362262759607,-0.008554817903037228,-0.07737855932830158,0.006287964710653876,-0.03528043108889976,-0.026931263650713525,0.019731458201925463,-0.028808268486636545,-0.11369448493334117,-0.04821311130865736,-0.022288721711629298,-0.10955992452238028,0.10221879495842501,-0.09432999612681708,-0.04532998480956784,-0.001579133956047828,-0.051577336596154516,-0.024954987987076585,0.03240943335705265,-0.041570600957625985,-0.2011712344852728,0.03451320609561035,-0.04349343054166299,-0.03498939222132095,0.03012418497043109,-0.06924615899792028,0.0033458203271420914,0.02247822866685099,-0.051913624431853836,-0.03838329065588805,0.02735291703715444,-0.049323223735144944,-0.21329092756063986,0.0911314985150128,-0.03579939455402265
-0.028289382389647663,-0.03012827041946442,-0.07215409099718793,-0.04525731149018304,-0.048428088515332396,0.01325416741561598,-0.012573324887442755,-0.031384900788482155,-0.06438481074191885,-0.03252472285068666,-0.05458554097119167,-0.059139843151937675,-0.08361866862280116,0.03533344715151891,-0.018557356454255894,-0.0704620493698264,0.002611311630484078,-0.03283082421359997,-0.02499973718069514,0.017003428657267172,-0.019522771610513114,-0.11432597663818264,-0.05193358937680854,-0.022028074512393855,-0.10800007060733005,0.10206338341259924,-0.09144156622739084,-0.039390624711161094,0.0049764767546550785,-0.053826994612804234,-0.028535776234663565,0.03304961366126892,-0.04489745409721045,-0.19778359645570778,0.03814217487397115,-0.04318554544259897,-0.039953870773544155,0.030550155169593488,-0.06394521919707495,0.010681300121037638,0.022255008913447897,-0.05945701349367245,-0.04297549906881116,0.028597482413899526,-0.04934041214890419,-0.21003367736550047,0.09083327925764342,-0.03365315806742332
-0.029912082691058443,-0.025916883509621347,-0.0766189139548095,-0.04429049720388599,-0.050309616219612274,0.006263498691947304,-0.01915926578900294,-0.024604840718223366,-0.07500640724095,-0.03071432351901551,-0.04926919281510684,-0.060142840681393105,-0.08051858458988888,0.03402226816602275,-0.013079668110994164,-0.0751875211165679,0.0029058757613360142,-0.030200387870332517,-0.030133890486148,0.01708621428023858,-0.022992922429701558,-0.1124526807555052,-0.051562267731487206,-0.02886708822410524,-0.11325180996118636,0.09992984425911824,-0.0943462278116275,-0.04043722514931404,0.0065020220375342766,-0.04958758239605605,-0.028691058700601478,0.03296242846668049,-0.04392251420313129,-0.19214424536582012,0.0358704315350019,-0.04595561335076394,-0.0380413802517598,0.0317352259357509,-0.0710687784476137,0.009627119532497895,0.02832759764133357,-0.04754770696087201,-0.04531897267284479,0.02616918447619656,-0.055807784210217794,-0.21330121078529626,0.08663199305185439,-0.03544728986023089
-0.029860924831617848,-0.030930062871146705,-0.07901589455051122,-0.03889130076162209,-0.05548887005855196,0.012061993037959455,-0.01598892511422176,-0.029086111598332954,-0.06896553173901829,-0.03192397227904391,-0.05279815727968667,-0.0630803203211291,-0.08673657159965605,0.030394174424503425,-0.006703359774790168,-0.06837721950844297,0.0077463055224714,-0.03819634281681296,-0.025440019715014684,0.012500389609401889,-0.024892801139204775,-0.11566366853707599,-0.050296734604101855,-0.01986007606868761,-0.104607241473738,0.09746606829914664,-0.09046733398206451,-0.04728699390459486,0.006437322775303521,-0.04277544102194169,-0.028846316308624605,0.03287525487126069,-0.04294764564496771,-0.1931838145018798,0.03416319054591668,-0.03900665515616094,-0.03805710429871707,0.03034874364655223,-0.06957271522683127,0.00573502630041618,0.025270314050906004,-0.0538251855340676,-0.038128449232370236,0.024797097442506646,-0.05230929611441031,-0.21665397305362605,0.09122891632257703,-0.035544441244489924
-0.02994434410948652,-0.02429824969376218,-0.07544767484170008,-0.043512893007646485,-0.048431162227538356,0.015367484317380213,-0.02563435942167551,-0.022877053622984207,-0.07418232622277517,-0.036266983149867295,-0.049296944594279045,-0.05648369008472439,-0.08779792121278072,0.038846901947520385,-0.012847004090500201,-0.07493003261102275,-0.0034817712429386907,-0.040669635469220713,-0.02583669358783466,0.014127390607019168,-0.022438505863441056,-0.11248423730649897,-0.049932928298496944,-0.021868179784871915,-0.110198041712284,0.09734757792946036,-0.08863704893206703,-0.04459456531848054,0.004857895617343523,-0.046875023892649324,-0.028691058700601478,0.03296242846668049,-0.04392251420313129,-0.19625669305025717,0.0380848978480403,-0.04182584271886718,-0.03926487302981263,0.03316103937027216,-0.07746281649890646,0.009871734633409804,0.023784143737427488,-0.05610506788933034,-0.04036519818210584,0.028461552116332504,-0.04586203710774597,-0.21151476875017886,0.08678149337048631,-0.03797783178698642
-0.028079107390932653,-0.025945345876463802,-0.07649882280001409,-0.04318958358254571,-0.046771741471301385,0.012741707391960006,-0.023377303376708902,-0.03293074879031763,-0.07506791125952333,-0.03291290609519057,-0.05636600986112987,-0.05658739372205824,-0.08400951664837557,0.03224585769857269,-0.015244921687309721,-0.06811842812985758,0.004386605628013205,-0.03334031839993595,-0.02656893732095646,0.012981365930159122,-0.027395873831910965,-0.10965671443848558,-0.05144511082816359,-0.023108524583873424,-0.10573475511157918,0.10237205078101422,-0.09670362445723683,-0.043084393960182404,0.009737360329308806,-0.045378539019248786,-0.02734194892439419,0.03283622666365335,-0.04378827047841698,-0.1935236964615415,0.03232548113295918,-0.036656682540315996,-0.04013878239136268,0.022002165811746466,-0.07782603769462307,0.010788132251927922,0.021038482116302045,-0.05310206574830056,-0.04143585208171927,0.020613728890933696,-0.052848312911148033,-0.2148152011946389,0.09148036966672482,-0.03927565401851035
-0.020731969418705167,-0.031217633509435447,-0.07723510140877013,-0.03840605702028748,-0.05385855038194192,0.008232632569021136,-0.016941061558081096,-0.03464132037738185,-0.0758796882855139,-0.030852796128995594,-0.05281214776010673,-0.05921271105627645,-0.086631227699941,0.028366834908789086,-0.008139987150040466,-0.06870818046955758,-0.0017422854604074677,-0.04067078022092917,-0.025686475108499744,0.012451691452393708,-0.022646048614176944,-0.1124526807555052,-0.051562267731487206,-0.02886708822410524,-0.1039446740672501,0.10683750536368837,-0.09483237366668207,-0.04199102471030675,0.009869073989938122,-0.04951114515985654,-0.027327866284883307,0.02656441895082641,-0.04238749675296932,-0.20171985607053866,0.04032467948318892,-0.04021821092963009,-0.0383060928833309,0.03179994869007548,-0.06685549461291489,0.008821670507627619,0.023912960179927514,-0.0520311537683229,-0.04062371150526815,0.030318326041680752,-0.05405206222857719,-0.2151157004008665,0.08941417128851238,-0.03235229143055124
-0.028079107390932653,-0.025945345876463802,-0.07649882280001409,-0.03824496005209842,-0.05217185077858472,0.006809063620075089,-0.018283533555229662,-0.03227471993699586,-0.08029674685564511,-0.0334208202178894,-0.052796983230872466,-0.06416993080013854,-0.08622270734672255,0.03374109049980986,-0.011201790442835221,-0.07290413913790254,0.002228406681251381,-0.038506641354197145,-0.023871703944180714,0.006986710262584383,-0.023007260377230575,-0.11467300454579797,-0.053814572772276664,-0.02124885808433237,-0.10992918576828554,0.09306986094516329,-0.09342244134624186,-0.04614984162085813,0.008223717078842308,-0.04679703156590956,-0.029452994084479746,0.029391242587034253,-0.03834885416105528,-0.19830786846496481,0.038240194443032414,-0.039738486326556716,-0.041004257655196434,0.029154954445797465,-0.0705199391351139,0.009037105512126827,0.026745758580498925,-0.052454204648372464,-0.04232492181948493,0.030919874316335787,-0.04196697329330829,-0.21498628891698202,0.0926470305587735,-0.03538788517563167
-0.0318513572447843,-0.027982304491028738,-0.07457744345913742,-0.035364779919198785,-0.05236937906578002,0.0004981021729216963,-0.016683658378981874,-0.03246592316859897,-0.07734295246236653,-0.03242321470177777,-0.04927424904917596,-0.05984780586112667,-0.08661276248654644,0.03065781875154079,-0.007890354240466574,-0.07458892237555295,0.0060129309779015875,-0.038159785436038374,-0.026692137702323985,0.012956954950477568,-0.026272263308063922,-0.11629160290028011,-0.0540204629115889,-0.01959189742992591,-0.1113212104803597,0.10224150218460301,-0.09489037370200397,-0.0441389592223984,0.011513703680696456,-0.04747368563252837,-0.029985721546090173,0.027519834420905886,-0.03458795377540522,-0.19658765342089865,0.034342467836835804,-0.03942134438801872,-0.0408179756559844,0.0277209929241733,-0.07219260120793303,0.009786103025795455,0.023568995843509622,-0.06275684989503363,-0.039323245124861045,0.026243242451357354,-0.05414529237537911,-0.21845416668436093,0.09254330094022488,-0.03273183967957454
-0.031684838024625045,-0.023952336486564023,-0.07778897527069209,-0.04096170666702523,-0.045142960023919376,0.011029493887110645,-0.027245001063287082,-0.022680384034097296,-0.07713346197044417,-0.02829342287001609,-0.052780770197300854,-0.06506993843006825,-0.07797883301509931,0.04224728164089315,-0.01848953243462049,-0.07214782719053003,0.006393808181604185,-0.03248899026057994,-0.02541339433149749,0.010800197490424284,-0.023976410452274062,-0.11382195291853282,-0.04829587940826419,-0.019699444290899117,-0.11095155103679112,0.1047114003646192,-0.09832082778513408,-0.04510268068946684,0.006699147511212905,-0.051038125463922945,-0.02818151428025395,0.02765420807871888,-0.03737730648274146,-0.19470059265987136,0.03231637984210189,-0.04031154137994963,-0.03820439175064106,0.028995504563368774,-0.06597210679926496,0.011270026429397687,0.01789319321218438,-0.06237860072425331,-0.03543061333708772,0.0286981941296391,-0.04752975579256918,-0.21020175178227465,0.08603416451158494,-0.029698076546807145
-0.02801286656732087,-0.029180588841534735,-0.07883034292203991,-0.040800259199827604,-0.04517050554169882,0.009827247264281101,-0.02039698811338323,-0.03139572142189699,-0.06784118081697255,-0.02956945835853257,-0.05281962340192273,-0.05673447163266812,-0.07954756870283697,0.029881704959169843,-0.005252171707006527,-0.06985218123831087,-0.001403517474035819,-0.03652069839551707,-0.021576770625909524,0.01286200503387711,-0.022798936514291893,-0.11172207762449737,-0.046132568465292755,-0.024711896520427327,-0.1164340690619506,0.10464079944071969,-0.09768336756834653,-0.05039414638143297,0.003269685214414039,-0.044307531180339976,-0.027180425749208745,0.029786933487190918,-0.04406343146829923,-0.19265871872874984,0.03406482105649611,-0.042456036439629176,-0.04148518479420153,0.03482715996916796,-0.06803857838009583,0.009346670113022341,0.02384855443885672,-0.054067966877997135,-0.03615338069542125,0.030348254876623282,-0.05254172802386987,-0.2171919591838747,0.09169478172112464,-0.023256247006587995
-0.028197224842282768,-0.029812444485408138,-0.07437902397202238,-0.03491693331558858,-0.05214913636624509,0.012235464215003988,-0.01575155846219679,-0.02895637366258362,-0.07035699650692677,-0.02778653586582182,-0.05634919563314512,-0.05749759592558756,-0.08758746480940437,0.03479210812130574,-0.01572256465357733,-0.07005260692322994,0.004407297206380297,-0.03357979902481244,-0.021067319400394937,0.011252133153895198,-0.026373817674453317,-0.11390975952439811,-0.05912054923928796,-0.024461677562133664,-0.11464970743519232,0.09574947488840813,-0.10084349725361269,-0.04354645898717781,0.013236046855413268,-0.04943130827657282,-0.03035046410433834,0.032914216860361965,-0.04210727718780078,-0.2005256621516596,0.03652423340911652,-0.036447328830735044,-0.040949575595466546,0.027753825522618517,-0.07008705895769744,0.009060608813186273,0.025313239753876702,-0.05275198394037302,-0.041383357910024586,0.023308774766537067,-0.05198356086272234,-0.2083628711304366,0.08628273826689593,-0.03342908293172177
-0.03379191447219045,-0.030049179612800007,-0.07254804964538045,-0.04477150291988933,-0.04508068814275338,0.009202445998618837,-0.021319457463125607,-0.03490992487497431,-0.07482825980502064,-0.030102911439584722,-0.058096841944520645,-0.06406785396027105,-0.0879772540113311,0.031708440112734645,-0.012409798295239619,-0.07557023590439042,0.004384674031323273,-0.035338375578733656,-0.02168417861779038,0.011131095138790157,-0.020756667147931694,-0.1107993647562971,-0.04968844032969881,-0.024816555644533854,-0.11165851122186231,0.09757067192110855,-0.0926852586481316,-0.046332736161047175,0.011502039056909804,-0.04554488559246016,-0.03192053154742401,0.03134162636987077,-0.04042965799906859,-0.1966062895254248,0.038150237920723494,-0.03952771508663597,-0.033484747353778294,0.02584343959706934,-0.06508344565826912,0.00706885071568128,0.019159579156290397,-0.06677303066269201,-0.04302475150134195,0.025900301060114764,-0.050208416535440815,-0.21001957268152333,0.08936619482215516,-0.03393649375615795
-0.028348543515939337,-0.0320609743574637,-0.07109496507868208,-0.04732631721122272,-0.05008445185097497,0.013768999820895429,-0.018027679577392694,-0.025059921210730262,-0.06927229489218897,-0.029606578620174018,-0.05105175730189723,-0.05650420891797727,-0.08625979009684784,0.02915731097032682,-0.011701903980764742,-0.07449174450056341,0.00461797570188157,-0.031982299395504454,-0.02586320395638093,0.015828097932820133,-0.023354015278955687,-0.11064003989677411,-0.047935177165699054,-0.021703018958901914,-0.10982852471752308,0.09981529020819027,-0.09206602206863837,-0.047168476224051376,0.01190846313146833,-0.05512100090273263,-0.024336529056519708,0.029621265219366782,-0.044771108143119784,-0.19623775753425596,0.034276865972560716,-0.041720361357239555,-0.0362934799096416,0.0246195860027892,-0.06814846785333982,0.012380089785439944,0.01941310093685104,-0.059503848081563664,-0.036655957600228835,0.02809912302786153,-0.060980508451056,-0.21673083801653803,0.08809702330283908,-0.03370900026529995
-0.03010492178064848,-0.03349537999322113,-0.07351193636534781,-0.03840688108836455,-0.05214399233938519,0.008011984891341042,-0.019872100985149674,-0.02499452594309375,-0.07083074020788344,-0.029218377410394885,-0.049270612934787204,-0.05904977868731941,-0.08723463503983907,0.03329241093808737,-0.01953629219772621,-0.07306489853272329,0.0041947209973510185,-0.03717546600654134,-0.02394142275538582,0.01209250424795849,-0.025760660440365672,-0.1170444110360333,-0.05782753172183504,-0.016729453620970593,-0.10986210355620767,0.09533995999241322,-0.09335880305412768,-0.042356608179468125,0.006524111506606389,-0.0486935166964899,-0.032957738740574456,0.031641876909724316,-0.04251369435141162,-0.19829901906100822,0.03633611549524994,-0.03968394444713483,-0.039148908985929584,0.02479753306465481,-0.0716700445015668,0.012202783449810474,0.01966165383211648,-0.0518360796934634,-0.03429579119277427,0.03051604127745947,-0.054511047476596346,-0.21173909481133316,0.08784929652317688,-0.03289032133682897
-0.026270746588023707,-0.029523259910931347,-0.07647498885099142,-0.039703845550008034,-0.04334919505672445,0.01653146389399707,-0.01885165598117179,-0.03772334751004431,-0.06467870034179528,-0.03576826128008994,-0.05282130928844208,-0.05970439260461617,-0.08567762327312924,0.025889997233740285,-0.0181405110504361,-0.07569581784206361,0.002502642010664947,-0.03563415337159844,-0.02724555057810174,0.016255846769187385,-0.023607858387808173,-0.11254781920637126,-0.04997446382903993,-0.020573100237962237,-0.11468104145140451,0.09795071696593538,-0.09962116942978398,-0.04424491452195723,0.008705776204113799,-0.0603708197245893,-0.030991933931463583,0.031864351982421504,-0.0462787673322537,-0.1967719113684229,0.03627903188222526,-0.03832556562796042,-0.040032532083826934,0.02918141458987313,-0.06140439659706245,0.008845566717603169,0.022480526132487882,-0.05232871313755274,-0.037031963867182535,0.02597468371376843,-0.04854757130502883,-0.21317200073606352,0.0898644898579926,-0.03848553278677761
-0.02787456007839636,-0.028706518804838942,-0.08217010350985816,-0.038893204611884634,-0.05034592989175174,0.011399606340804157,-0.01852165887272077,-0.027365919650328537,-0.06642050361742464,-0.034058567117722566,-0.05281622637835761,-0.06000318367787127,-0.08574578444495454,0.03250511594465188,-0.01620236199327162,-0.07734575706272977,0.0024381035375465906,-0.036915635523359386,-0.023098509952123765,0.014972495971402468,-0.022847184691088793,-0.1116581965286527,-0.0460911762560451,-0.026006852281890907,-0.10935856970850291,0.10235138540656417,-0.09665892602907267,-0.04679409195749122,0.005098150804959999,-0.051286540791039,-0.027335289058075203,0.02969992833932043,-0.043088495824464244,-0.1921722031385984,0.03230174805662375,-0.034151993988442465,-0.03791843115589741,0.024758453262730747,-0.06675273995713253,0.010853191608537765,0.01674264635894887,-0.05398623670570958,-0.04067764559926441,0.027623270734800347,-0.054921402143896556,-0.21178124836187082,0.09224941858803407,-0.03204036514217186
-0.02256956313843628,-0.024257697942658547,-0.07610085087837022,-0.04335029722415213,-0.045029174663624216,0.013722054407408799,-0.011676927911994699,-0.03495146675057349,-0.06980424784178715,-0.030244550999492817,-0.051071130862975406,-0.05234024286427059,-0.0879087597174407,0.02509883916315182,-0.014344968029345147,-0.06972855149860527,0.00047687341183390926,-0.036232994161163976,-0.020897472559139024,0.006156123787594037,-0.02473676881942468,-0.11632187228078114,-0.055694214071773676,-0.02528812825472557,-0.11345294959276053,0.0997979456177865,-0.09201732815998473,-0.045148136902680984,0.005043295374258971,-0.05114652867270586,-0.029938385671657936,0.028428022270920884,-0.04349333944419779,-0.20294199983476396,0.040553112100461544,-0.03218276442294447,-0.03644138626115956,0.02882562925101338,-0.06948869128687053,0.006369154204974435,0.01947300434552868,-0.05706439508856961,-0.04398457970707191,0.023438145041575643,-0.05546389489948481,-0.21326636152963205,0.09416587949658534,-0.036432440352775576
-0.03177381771319209,-0.029443263282912108,-0.07686402626003835,-0.04700587808541412,-0.05185494524016476,0.011589809347733744,-0.021998571191371812,-0.031203770637330864,-0.07079271171979398,-0.03470550653632021,-0.05278929434345421,-0.06664891112039234,-0.082626964850814,0.033487812530501336,-0.010474107167647023,-0.06998746660663273,0.0038356334461888512,-0.04108987804260953,-0.026233872974882638,0.007934752238943346,-0.026894757114082905,-0.11178597644174927,-0.04617394036010609,-0.023417088052972698,-0.11619296887885869,0.1092403395067851,-0.09873637420520777,-0.04829769894319688,0.009867966411567548,-0.04476000748342026,-0.029921277565413476,0.02529290264613655,-0.04279110913790071,-0.19712164883442534,0.03634452203326327,-0.0360277815472715,-0.03812320369768875,0.03036501124024538,-0.06851961890142946,0.014904694521119314,0.019555667907172773,-0.05536319634413167,-0.040964484734819014,0.028835003103473485,-0.05236781980812419,-0.208415554046913,0.08618313277196224,-0.032227989767925146
-0.024505870823918665,-0.03325425119718182,-0.07531743823348908,-0.046354648601321206,-0.045104615475811995,0.005884117307302952,-0.017650844367584444,-0.035030361294429276,-0.07170479988359714,-0.03419705643935561,-0.05635893132404605,-0.05906255839412987,-0.08239752834642351,0.031722171586866674,-0.013100376603036843,-0.06877382424570926,-0.001168762159724096,-0.0331621229289113,-0.024164660252514625,0.010341838855898703,-0.02259644113988194,-0.11740542368430286,-0.0538930453979688,-0.028300241463493057,-0.10942560976544041,0.10007935985512273,-0.09672422622247887,-0.04460197420849055,0.005108606801727592,-0.05321280781644906,-0.027111491794903242,0.034535555226340914,-0.045600151818344835,-0.19935637326641661,0.038436319902669804,-0.03284791508463923,-0.033352600783951566,0.02581030903349799,-0.06718787698816665,0.009416752515029964,0.019551298654178803,-0.054958381068496834,-0.034014049308714975,0.029307613722348577,-0.05706564162324057,-0.2099669780324531,0.08946605976421618,-0.0351376784568883
-0.03175643530442691,-0.032839077483427376,-0.07809892785774572,-0.04128519656345175,-0.05708858235540256,0.014984971431627244,-0.018027679577392694,-0.025059921210730262,-0.06927229489218897,-0.033882976180704995,-0.05104132096323577,-0.06116665065938571,-0.08510744603130703,0.03612100382138556,-0.021891732631991914,-0.07395625601409951,0.008296778764565745,-0.0324316963649785,-0.022054655156506196,0.010051502010338153,-0.02908096088976613,-0.11743960148062699,-0.05225899997071523,-0.02131040376725435,-0.10972780641765038,0.09988128879798067,-0.09323042301493377,-0.04464757226971904,0.003452644040693226,-0.05332072283746609,-0.028953488805009416,0.03369922690480484,-0.050882966721955594,-0.20497907744172952,0.03690074632850046,-0.029980548095569045,-0.032077306358686886,0.02854422135173169,-0.06530062078158691,0.009084162195950889,0.023880757929436915,-0.05304952433545264,-0.03555518553401906,0.028573958842583586,-0.06840419060713905,-0.21166216359757775,0.09098248553612776,-0.03472613247839429
-0.03391407271450387,-0.03391992981168572,-0.07046077489512988,-0.042543623807010926,-0.04345142284457754,0.0074904292575000905,-0.01990627803412127,-0.029089311030042666,-0.07069310974813221,-0.030815628368658803,-0.054580124129769196,-0.05944119013126545,-0.07894498259435119,0.02890651594584294,-0.011440526911259468,-0.07157701241168658,0.006224617974930254,-0.034566623919833964,-0.02785362021953055,0.015135464059738259,-0.02969041941779902,-0.11489362825178077,-0.05561195511465302,-0.023060500999741176,-0.1077607669516105,0.09330159564607175,-0.09753359174345558,-0.04866840202626543,0.006775844354975231,-0.05028398659430867,-0.03249374075791486,0.031903301950789796,-0.04543833816886479,-0.19883212740186776,0.038338242785931974,-0.03629260954057013,-0.039769003784169546,0.029116115232574177,-0.06561406537394861,0.004771112352647852,0.02109958205351559,-0.05065690494619304,-0.03602746733231782,0.029071175179571366,-0.0540361612335722,-0.21320000153062055,0.09279873978289369,-0.03791807004814802
-0.028276307101770145,-0.0283531146274075,-0.07210070732596292,-0.04429049720388599,-0.050309616219612274,0.006263498691947304,-0.01850175936912296,-0.030357547002421905,-0.07897480635163101,-0.02956945835853257,-0.05281962340192273,-0.05673447163266812,-0.08795878086619809,0.03399957006206306,-0.012160087931043178,-0.07474877696715235,0.007979959532139496,-0.03682479593272064,-0.025219087102513162,0.014250515760868296,-0.02805648497844154,-0.11638481544068977,-0.05573602840285328,-0.02399200068319131,-0.1045062473769636,0.09753186611727777,-0.09163177271176404,-0.04175731494072429,0.00799413222764167,-0.04431550695994914,-0.02861872390521609,0.03457448644090866,-0.044759559435243304,-0.19748899213219415,0.04021738568331655,-0.03383861704375142,-0.04009733274731092,0.03614356399104079,-0.06674615190987941,0.013541685202062118,0.02401042230751011,-0.04939955062000877,-0.03467663902284837,0.026992104128951786,-0.06444601768481752,-0.21330121078529626,0.08663199305185439,-0.03544728986023089
-0.027953885317741005,-0.027246872868821034,-0.07989146528624026,-0.04667519898642413,-0.04333387451930232,0.008065587722354014,-0.017137215598405496,-0.03067958492267231,-0.07462982315845884,-0.030140302516526978,-0.056328968256251805,-0.06383897349009901,-0.08283621257502735,0.04151578467520514,-0.025182620521549286,-0.07531907666312052,0.008149178458705657,-0.034745826240360496,-0.022812722857411347,0.011611709857985082,-0.02325833640155558,-0.11054525979264443,-0.04952173515394755,-0.03000015713556625,-0.10257830477545685,0.09984882218519663,-0.09216765767274211,-0.04322208082664529,0.00477040891851209,-0.04570252106407866,-0.02630381100010207,0.032535701123354875,-0.04170451030763232,-0.196946780827666,0.0363117753591977,-0.03717660790261287,-0.0337326869075763,0.03147243099813959,-0.06585357345644455,0.008059067261639739,0.022577157767875174,-0.04927480690186545,-0.03873777657711764,0.03183316279074577,-0.05558562033631291,-0.21329092756063986,0.0911314985150128,-0.03579939455402265
-0.02982508272736123,-0.02042699687092322,-0.07755646509185946,-0.038570452334311604,-0.04868672407756876,0.008774524739587864,-0.019194896063371804,-0.028699893472986564,-0.07486825489024894,-0.02918127627428245,-0.05103875169079119,-0.05928116210714621,-0.08641462347232008,0.04008790392658961,-0.008075686806714158,-0.06656640559868285,0.005844203660712476,-0.038246614063533996,-0.02455258352887673,0.01096890287180847,-0.031841817608673585,-0.11099415541214493,-0.053108913185279924,-0.03364255574224047,-0.10783038807646943,0.09771591435940037,-0.09506945257527676,-0.046370051506351886,0.009594478107361267,-0.03932014229204023,-0.028691058700601478,0.03296242846668049,-0.04392251420313129,-0.1991731509577713,0.03649987262503809,-0.03394036164928443,-0.038153158005954285,0.027593847731558468,-0.065530792454137,0.006715917575647315,0.019657251889971687,-0.051431925383520066,-0.03747162900004084,0.026414323815065335,-0.05611453741484862,-0.2078510187113026,0.08874749703790832,-0.045163619421599015
-0.03179102625502477,-0.0260467076376549,-0.07562677701967584,-0.03856664774613109,-0.057259106534313535,0.009878009608052234,-0.017354333945399446,-0.02876328160080908,-0.07330828120904875,-0.027084866202530627,-0.04925209001480411,-0.06212258939901485,-0.08939221271784427,0.04165939260671572,-0.01474397009170749,-0.07601493938429905,0.006436141764839337,-0.03296411938875951,-0.025466153021871087,0.014201249113810157,-0.025809009597395176,-0.11296184834148285,-0.055194378457764544,-0.03120549456330258,-0.10939180115946279,0.09787349472463355,-0.09795414593840669,-0.04661386207879564,0.011721703331002977,-0.05084882715589382,-0.030264488817811505,0.03138971885138535,-0.04224463031988249,-0.20069215715634392,0.03465316555133117,-0.03524169073245725,-0.03955787860280631,0.030452670084349747,-0.07026280570633019,0.007109178573404872,0.026756887991603827,-0.05196989188543997,-0.03989351946430864,0.02796289455964305,-0.06022096380604917,-0.2166886569622125,0.08370049937623424,-0.03455559610643026
-0.02973619702688704,-0.03223228232445229,-0.08240957588707591,-0.049227981849745375,-0.04662354925899119,0.012407654016552755,-0.016879655232968773,-0.028503632198860377,-0.07609221228717983,-0.028755983987314326,-0.05102567415670866,-0.0620588959523401,-0.07828519672103651,0.034822355695684745,-0.016874389801622907,-0.0701380789883252,-0.0013188216418367456,-0.03548327733306685,-0.024453887138016786,0.012695403377681134,-0.03388359437326509,-0.11537655921787168,-0.051763194545885086,-0.03203523897017064,-0.10922411053680717,0.10021146996635993,-0.09905392866805801,-0.040850847985806,0.01165757021057626,-0.053537332257327507,-0.03568689700858195,0.03503005486089529,-0.04348443985590331,-0.20458599516977458,0.036597488918335704,-0.04397060252389146,-0.039964683650674786,0.03611175872923965,-0.06885397643574671,0.008631912159611965,0.019648002379010078,-0.05190559020674804,-0.03624747468165026,0.02631383279779806,-0.053844906580775995,-0.20655250790868668,0.08946635066295079,-0.036596334931489886
-0.02429786049029932,-0.02907643208654648,-0.07968691777537616,-0.04112351916450725,-0.041685109964535914,0.01179187631540652,-0.020413652317566863,-0.0334423597096465,-0.06777152482901373,-0.031636899388964815,-0.0563282679426585,-0.06492490502381426,-0.08417081174790471,0.027394856012631162,-0.014558293978521717,-0.07502749435772611,0.0009398890627937903,-0.03153294421184167,-0.027431176713923835,0.012810605171017687,-0.019532586310304856,-0.11067227683165624,-0.04960512837069181,-0.02740806180203213,-0.1111549211973665,0.09789935653994654,-0.09850944201353642,-0.04331883403821274,0.011612852352502997,-0.050573778795827806,-0.032608132459316326,0.036565073013079326,-0.04600099453696277,-0.19945008115694451,0.030615255852975694,-0.043173370953439726,-0.033865441913750315,0.031504860846532284,-0.06374751035029597,0.0056421355477322115,0.02121887487004573,-0.047062160886356195,-0.04195661816727754,0.025732084577957386,-0.046880203167388855,-0.21510169656259698,0.08794816247406177,-0.03263524497103014
-0.029852445264779814,-0.023981718072904046,-0.07767380482614306,-0.04906474465065372,-0.04493574528966012,0.010981060893442886,-0.01965184491155123,-0.026912222152307288,-0.07215377969898157,-0.025026081104787806,-0.045696559048662155,-0.06472172794366556,-0.07828519672103651,0.034822355695684745,-0.016874389801622907,-0.07255772147079362,0.004597242198615213,-0.031742617852334766,-0.024233164880456345,0.015449998025780856,-0.025347714202704243,-0.11502912874915017,-0.04988145211793665,-0.03281433971202536,-0.10773220603547999,0.1044694481313412,-0.09370208632673489,-0.048395425722482135,0.006808609374821744,-0.051317080944680085,-0.030505559292467642,0.03282705151793373,-0.04113255725247263,-0.1974154892167815,0.03426815465838538,-0.0453771313149814,-0.03496134436300515,0.027334709034122488,-0.06729012123544915,0.008821670507627619,0.023912960179927514,-0.0520311537683229,-0.041721606322039924,0.021825096046916806,-0.05029720040630713,-0.21180909893914202,0.09518373019268765,-0.031471694214679234
-0.03362404540935058,-0.026018397304705378,-0.07574767501504297,-0.03999076869170098,-0.05216924905359225,0.0046968424681445515,-0.023377303376708902,-0.03293074879031763,-0.07506791125952333,-0.02968060313925778,-0.04751558653153649,-0.05604258663500624,-0.0839228768034507,0.027922110179456405,-0.016934194518470586,-0.07116729291430615,0.008021463063934812,-0.03531411138165622,-0.026445729164512495,0.013005782438346835,-0.028519578934106737,-0.1120715659262816,-0.04801195809251784,-0.023938139240693775,-0.11321995867861942,0.09772791336457425,-0.09557015794171848,-0.04267585961614534,0.004835627353468251,-0.04776803789862068,-0.024956834208670137,0.029273387388987847,-0.04087146063157698,-0.20204534615956954,0.03467729002741179,-0.03774786348019562,-0.0396239043417061,0.030468924441410295,-0.06920966800903901,0.007500559420587739,0.01956053460204583,-0.054484637030691986,-0.04263713302976778,0.030081917121878576,-0.05102427439985164,-0.20973240521652042,0.09290132301214903,-0.040577829332294306
-0.03179102625502477,-0.0260467076376549,-0.07562677701967584,-0.04096127879415169,-0.05200207552679848,0.0119133167096187,-0.015707976031399014,-0.02486562815986127,-0.070497280786598,-0.025089502495082776,-0.052775957463413695,-0.06428127171697855,-0.09159147585492908,0.02967371489785563,-0.013387972393083692,-0.07858419364277099,0.004171808678697792,-0.03893694690766568,-0.02082052128790167,0.011300587059480357,-0.028621339933503038,-0.12014828637231038,-0.050655850800584434,-0.022677794249180278,-0.10932492118685312,0.1068297351937149,-0.09536307950299627,-0.04368378342058326,0.008267589303331825,-0.04975754047857979,-0.027497319236481584,0.032749068013579276,-0.04281339596924914,-0.1986398385118773,0.034497783256766605,-0.03733088069808581,-0.036771776630441545,0.02890744739964241,-0.064225159522919,0.011941086343930646,0.01969387564472836,-0.05081864585607346,-0.03952457781923771,0.031494291481127486,-0.050288081997777075,-0.20962324449828265,0.08713022609263359,-0.042913226988045464
-0.026292273161483293,-0.02613190108946359,-0.0752654432757788,-0.040799674333689154,-0.05031531334881199,0.010489399850934156,-0.014196780841292788,-0.033236804772826464,-0.06726352951929095,-0.029994823639218286,-0.052832430624177064,-0.05395754401225127,-0.0840282023540129,0.029952088348361886,-0.015495699012711382,-0.07306489853272329,0.0041947209973510185,-0.03717546600654134,-0.020049630879443312,0.009038790339189197,-0.02182799830351114,-0.11423106257906869,-0.05352217084121025,-0.03032139279760497,-0.10562765306925206,0.09574341083094957,-0.10041049373187491,-0.04903041044161255,0.003432340005844774,-0.04947033298951822,-0.02779071148058685,0.026303968406343456,-0.039463148440703186,-0.2005001588075146,0.030812923025840145,-0.03627575780410087,-0.040949575595466546,0.027753825522618517,-0.07008705895769744,0.0013925253779597804,0.02392210811098265,-0.051130556797829456,-0.03841247516180092,0.02600708241753868,-0.049756999932534324,-0.2083386587344941,0.0893165056768811,-0.03406488349442682
-0.031759470742528884,-0.02766599420016871,-0.07680183951555405,-0.04635324000893561,-0.043388787471462624,0.005661038854715262,-0.019194896063371804,-0.028699893472986564,-0.07486825489024894,-0.026040902988829894,-0.05811052512075473,-0.058035098704656576,-0.08359984949694294,0.0376283207070626,-0.018305725532545072,-0.07981986548369649,-0.0012224402227063108,-0.03672015127354678,-0.023345682453618396,0.013918765671689969,-0.03229797760859846,-0.10720431835759622,-0.05810476544115674,-0.03633374542958649,-0.10902258347311264,0.10034363026944446,-0.10138403135940974,-0.0483869766268768,0.006557441423534015,-0.04498011048057836,-0.029698739957337374,0.026990681796398127,-0.04460482790701413,-0.1977559606668137,0.03242971665814408,-0.043023170896639124,-0.04144292847538696,0.03203909330326137,-0.06612005993831933,0.011355670778113742,0.024053078332541458,-0.04790087878052766,-0.04070458946740044,0.026275787412185492,-0.05535544525289664,-0.21494438663621693,0.08824740848073367,-0.03623830524845996
-0.03188285053116918,-0.026363142199146667,-0.07340223067583682,-0.044609449158872994,-0.04339265297025948,0.007778115723403193,-0.010436053322495885,-0.03021770180310818,-0.07690901512088846,-0.030751301713088538,-0.04750071464219702,-0.059912887209178374,-0.08397203071999525,0.036833792965680436,-0.014742507562669814,-0.07271847806189514,0.0065630045252479735,-0.030411515631570407,-0.027027072399745364,0.01800551046141646,-0.026769723367644226,-0.11261254588467873,-0.05331562569608833,-0.03198147968985877,-0.10939036885258638,0.09119002750255198,-0.10047868635872438,-0.03865023391295784,0.011416337688538138,-0.049128771508940156,-0.028346448499244066,0.030702191573624648,-0.03710316017759102,-0.19859376346444318,0.03425947868538898,-0.04903473388934571,-0.0395712439755639,0.02906711197461629,-0.06877218472875749,0.0032316729845903555,0.019859905427997458,-0.04485516091565477,-0.04174724289673283,0.027792639388418115,-0.05825146719170164,-0.21326636152963205,0.09416587949658534,-0.036432440352775576
-0.024517254835794824,-0.02809213139779669,-0.0740755288788878,-0.0423829898380677,-0.04862513602036315,0.006951874103825277,-0.016662947399711556,-0.030419982497789436,-0.07741388077808013,-0.030102911439584722,-0.058096841944520645,-0.06406785396027105,-0.08363744957629085,0.03303870578487061,-0.018808700884687852,-0.0702143533606763,0.006372635817100347,-0.03225176894282536,-0.026474581476677632,0.01470532809989463,-0.029435249372170395,-0.10905108194984299,-0.04940188955543499,-0.029062810574537436,-0.10966059149117097,0.1021525185562982,-0.09316568126785403,-0.047107424787549465,0.013058373807326974,-0.042335700129565716,-0.024105911724407465,0.028183586090463078,-0.04588371284756414,-0.19844669688965416,0.03065755534457195,-0.03836917267470283,-0.03482915514294785,0.027301770542616444,-0.06939533251056963,0.0063737273947568245,0.023987748357956817,-0.04951463306394666,-0.041853891565501906,0.031123339621952628,-0.04514315884006881,-0.21535342104311805,0.0919464906527931,-0.026983177141238147
-0.029695686605161753,-0.026902764260496304,-0.0822416038953494,-0.042866493849000514,-0.04511182834364779,0.010116022371999966,-0.019940551224154612,-0.03318303206399928,-0.07055385573360798,-0.02953226609549143,-0.05458734331184499,-0.05696436872949588,-0.082626964850814,0.033487812530501336,-0.010474107167647023,-0.07908812286560478,0.006795997940313778,-0.029045696510487464,-0.02620716417811026,0.014053581856783653,-0.01906885333462546,-0.11223008692108237,-0.04976658303198191,-0.02704997091260021,-0.11165851122186231,0.09757067192110855,-0.0926852586481316,-0.04651315175537253,0.00488012843690197,-0.045982258340577425,-0.026875688840643293,0.03309777220888742,-0.046713322021414004,-0.19417539285290386,0.032217809344590655,-0.04376165438886479,-0.035140939071957415,0.028770163463670388,-0.0656360528760565,0.013035055995037202,0.022643550008106944,-0.04765619230382256,-0.04033798680006296,0.029808466894161483,-0.04542757275847134,-0.21508764236637667,0.0864823330385609,-0.03291779181863145
-0.033501452678822964,-0.027322010414471548,-0.07915135161205335,-0.04907705488368756,-0.053511428738457226,0.012108628216323388,-0.022904459255993215,-0.03267115857484823,-0.07785164423846555,-0.027223031580528082,-0.05279472817944662,-0.06120129779706428,-0.08028900066708845,0.032255472405840195,-0.01570726603755523,-0.07499964003962248,0.004215327396824163,-0.03741601823931886,-0.021281872430843587,0.007791184068419519,-0.022287381121823623,-0.10933975509050115,-0.05123607352694827,-0.029589494160342077,-0.1128494471928542,0.10019379211732364,-0.09900522785223086,-0.04449614613345553,0.007917634752059859,-0.040323410483246974,-0.028846316308624605,0.03287525487126069,-0.04294764564496771,-0.19543881136810426,0.040062076206800794,-0.03592271322528578,-0.03810166880903958,0.026192567720776876,-0.06508973115014038,0.003253920152858183,0.02677907423614176,-0.0510019320126391,-0.04302475150134195,0.025900301060114764,-0.050208416535440815,-0.20848248964379557,0.08755017205548593,-0.030744625372244934
-0.02615399133911395,-0.025657702833531477,-0.07860635175528784,-0.040961311252209656,-0.05028752317740922,0.011691794361802036,-0.014801722380451826,-0.0284372106918916,-0.07592435810426139,-0.030363136948786732,-0.04571865613447068,-0.06245801269394155,-0.0879270991982608,0.0228079580268909,-0.014593625966343296,-0.0676131900257376,0.004788694498413312,-0.02791106379320035,-0.02499973718069514,0.017003428657267172,-0.019522771610513114,-0.11731300545094674,-0.05217593947793635,-0.023900769687733865,-0.11318297846183706,0.10219785493558543,-0.09428671592997624,-0.04692121413456372,-0.00011757778164715705,-0.04527504494182259,-0.025888473183020864,0.03502281827398038,-0.0364210632613051,-0.19657812841803293,0.03243876662419301,-0.039367784080749674,-0.03987457407028477,0.03191960376794275,-0.06648768924110714,0.0077112329619232756,0.02239387034001215,-0.05490525865731428,-0.03637323351149739,0.02759081726581262,-0.052351343933841714,-0.21528704729416145,0.09058051665103166,-0.028467151931738596
-0.03362404540935058,-0.026018397304705378,-0.07574767501504297,-0.04270552881833483,-0.046854628443174395,0.009135165188474799,-0.016446711062821015,-0.032336134883305716,-0.0787351196692073,-0.03890238414514652,-0.056362176281634924,-0.060932166060098346,-0.07715242139057175,0.03553630829260623,-0.009727063781793666,-0.07296772440327964,0.002800888399190424,-0.030996617466657,-0.023346264558548824,0.014922930553028867,-0.02060030181275131,-0.11226286232784274,-0.05143689766818886,-0.03275648948124529,-0.1078993380949532,0.10212966876433605,-0.09260573156978695,-0.04350222620039411,0.004988412721903784,-0.051006656724965474,-0.02989996430095608,0.03631295699772626,-0.045731039372344615,-0.1991731509577713,0.03649987262503809,-0.03394036164928443,-0.036936030410380516,0.02616998665456841,-0.059126873594603634,0.010504297078906466,0.02250270863730516,-0.05178879717648621,-0.039323245124861045,0.026243242451357354,-0.05414529237537911,-0.21854169952580893,0.0849167938318741,-0.03054482471379667
-0.02815114067107131,-0.02965450604640989,-0.07549167208448317,-0.04270552881833483,-0.046854628443174395,0.009135165188474799,-0.019212747253454388,-0.030747020830496057,-0.07479856988185854,-0.030889891887932685,-0.051044025200341014,-0.05898386636342434,-0.08960814470962399,0.02994085657815119,-0.014804714883071935,-0.07296772440327964,0.002800888399190424,-0.030996617466657,-0.02586320395638093,0.015828097932820133,-0.023354015278955687,-0.11506283231262575,-0.048248595838183965,-0.025819394524992278,-0.10955992452238028,0.10221879495842501,-0.09432999612681708,-0.04404844054604127,0.004923141411759134,-0.0489406771628383,-0.028380468910810867,0.033136810455026,-0.04587246532720521,-0.2061647486973161,0.038796610824244585,-0.03369672575477786,-0.035225592992991044,0.027400553171438937,-0.06308069042480159,0.01629787535179463,0.019610762409590764,-0.05380246834320693,-0.046390658254523785,0.027042990685780175,-0.04795807643941263,-0.21180576153433014,0.0892159831869998,-0.031406526428084884
-0.024309346381217914,-0.03085008463835253,-0.07972891892110176,-0.04303134951078018,-0.05537257571064088,0.012652781874350904,-0.015514154862807314,-0.028826614604064806,-0.0717486115274053,-0.029319560789309508,-0.054580975962539253,-0.05835350282935007,-0.0837802069128203,0.030480030036204458,-0.017871630083473828,-0.07582140132442895,0.0006207567853618696,-0.03592959991358202,-0.024728518181347775,0.015350652755360784,-0.020853578870789105,-0.10959328712607416,-0.05140334399678915,-0.02440442391114924,-0.1113212104803597,0.10224150218460301,-0.09489037370200397,-0.045831479212519344,0.009912287794921504,-0.047720736019932396,-0.03262893186313878,0.032517385179616956,-0.036394665224030565,-0.1993646355860922,0.040340128715931824,-0.032903540997571944,-0.04098055797171407,0.02360269787723414,-0.06563463673593242,0.005732653357156374,0.020754495408434357,-0.06138026349844202,-0.04078078378988836,0.030250471730125638,-0.05299250973720598,-0.2135008785636875,0.09073158951556849,-0.03099558048555507
-0.03016952479613074,-0.030259815119713856,-0.0711732524036814,-0.040961393383707904,-0.04857281981046628,0.011470649775445142,-0.01690009997274078,-0.030549794271615607,-0.07602177684198444,-0.02458892090191366,-0.056298439929183285,-0.06753516692972497,-0.08601210891207894,0.029684614101325103,-0.014077059217867269,-0.07246923789927923,0.01032570783272651,-0.02982508879295901,-0.029413439017054246,0.007025601709874409,-0.022007497327706852,-0.1204273533436689,-0.05250135404811949,-0.023184570373372765,-0.10483782071481626,0.09285111184273576,-0.08944558471754185,-0.04331883403821274,0.011612852352502997,-0.050573778795827806,-0.031699409827470354,0.033040292918731146,-0.04224187909124007,-0.20035917743316053,0.03839555791265832,-0.03765240365855061,-0.035093490313019546,0.027367636577063315,-0.06518524054019313,0.013297356075843179,0.02261135798643086,-0.048673952361969544,-0.03458555586084852,0.025072992232035532,-0.05518830128840843,-0.21377751984776114,0.09169789585670494,-0.02470992988181387
-0.028210230048312517,-0.0315874982782372,-0.07443159423466943,-0.04302877266758551,-0.048514316576582485,0.011761518785932741,-0.019721360108549416,-0.03509984266543007,-0.07187492374263321,-0.029356779490286002,-0.05281319281967938,-0.058123228188885885,-0.08771124805154362,0.034527864950230226,-0.014534963609408678,-0.07610678587590841,0.0007054962579415941,-0.03489150173551858,-0.029207837362839065,0.008764761074293945,-0.025167354301991685,-0.10917818260641637,-0.049485340840191475,-0.02647069382340503,-0.102110483784125,0.10239233042086386,-0.09674973881433312,-0.04715231360870628,0.011402964166694767,-0.04244605608941216,-0.03185439231153539,0.03295311263095719,-0.04126716510691618,-0.2003508773997137,0.03649147723126683,-0.03759593559453384,-0.040949575595466546,0.027753825522618517,-0.07008705895769744,0.01139700072327644,0.021189866141786914,-0.0484898612287887,-0.04424974477228626,0.026000648170488846,-0.05247801299507281,-0.21336781399157917,0.0879985688076235,-0.03396360081610705
-0.024401695383045607,-0.02422820593725133,-0.07621546792128668,-0.04749158410112126,-0.05348580347395172,0.015421054161188372,-0.019721360108549416,-0.03509984266543007,-0.07187492374263321,-0.02712202559168912,-0.04748380859668663,-0.06188791216494053,-0.0823296207482464,0.025103001439225062,-0.015040979552640887,-0.06911042597045952,0.009881029771511245,-0.03478950422618044,-0.028347378033717504,0.015036546126325542,-0.025195486132015738,-0.1120715659262816,-0.04801195809251784,-0.023938139240693775,-0.11085098702513792,0.10477797072539619,-0.09948540619621804,-0.04697708909475865,0.00837686923251499,-0.050035033401971706,-0.031699409827470354,0.033040292918731146,-0.04224187909124007,-0.19544795960886216,0.041965938657814186,-0.035974459131302525,-0.04214463406014356,0.02362499540397751,-0.07160748883432735,0.010788132251927922,0.021038482116302045,-0.05310206574830056,-0.03866727844409897,0.02786137183938552,-0.05795046528674326,-0.20870754732315172,0.08861779048691822,-0.025659400004203005
-0.03538122328147462,-0.027452775284907374,-0.07816441614211335,-0.04222240338152911,-0.05379797555815433,0.006416302267199001,-0.014824518465680376,-0.03048236286859019,-0.07585325920408599,-0.02965140060770562,-0.04923610492711891,-0.0670866912849065,-0.08640207894576882,0.026602343592935215,-0.010764023061328707,-0.07677519661279966,0.0022686467621516565,-0.03899295092666644,-0.02445793485616805,0.01369747360085909,-0.022183893130472407,-0.11600742230234669,-0.05548483769986097,-0.03177097552253128,-0.10992923605863045,0.09974930416636173,-0.09090172118378612,-0.041944854613735864,0.011525337395368132,-0.049403005555771824,-0.037966901541676125,0.034632130693351165,-0.03777256916402569,-0.201240500205743,0.04046291952811733,-0.0319691249741357,-0.03662260776377676,0.024702687199538553,-0.06288892542572788,0.009609194258841979,0.02381634970818691,-0.055086481395956365,-0.03759851072449952,0.02769210694576604,-0.054620701404595066,-0.20840546886440803,0.09068387967955985,-0.03258047132110972
-0.028092087672440976,-0.027721078367524226,-0.07655184251737562,-0.046517222979729336,-0.046792674777740975,0.0073100069272016835,-0.0235364485637892,-0.02076350286474311,-0.07408224385030061,-0.03691441766396594,-0.04926927151657821,-0.0631277101468391,-0.08399079277036967,0.03453975923767887,-0.014993857870629197,-0.07084458701984603,0.00408948922214879,-0.03797376682780116,-0.027698010585251738,0.013462521921694837,-0.029899601309803358,-0.11159675587083102,-0.055154188312645264,-0.02768084450927543,-0.10949260558424406,0.0978077112073705,-0.09678915859756321,-0.04002398340772334,0.01150389248738639,-0.050299291118132784,-0.02963610451137087,0.035575618610391574,-0.03877316888450708,-0.19746236771903908,0.034506528446653535,-0.03367610094007487,-0.03765531533776959,0.024691997880448652,-0.07096136583644085,0.008535056174276407,0.02537762146513284,-0.050714799039385965,-0.048083410828306555,0.026234075951569482,-0.05822979712003067,-0.21319625689270078,0.08683129063050629,-0.03784989192673404
-0.03009121324155953,-0.03171976713742306,-0.07345479683928122,-0.04063785801031665,-0.052057815184761595,0.0095083083358447,-0.020363731810812268,-0.027301646806653732,-0.06797927512681037,-0.028931429297985457,-0.052800277712960336,-0.060901326793340135,-0.08682340064630795,0.034711838397594064,-0.005016722971121904,-0.07401822873396735,0.00584365740282374,-0.04023833015787779,-0.02984960277349031,0.015441691261626743,-0.02432745543470979,-0.10687292273481035,-0.05461341095909808,-0.030079388819207287,-0.10393671813180758,0.10013805122663784,-0.09738231781113094,-0.0429489814180463,0.004803014946524039,-0.04673523869485739,-0.03043650838023612,0.03443883245240438,-0.04196963068468821,-0.19388392186461334,0.03429439462444814,-0.03440931929162322,-0.035093490313019546,0.027367636577063315,-0.06518524054019313,0.009894459861362325,0.022351666590716968,-0.05640159577427553,-0.03900978526073074,0.026379076724937865,-0.056264802460657064,-0.20821916018341957,0.08804884712581479,-0.03675048863051074
-0.026326000413010118,-0.02451499713394388,-0.07410301014750456,-0.044287928882497,-0.04516330214059274,0.005595310396099625,-0.021761879630971457,-0.031074017683518793,-0.072184164419933,-0.028931429297985457,-0.052800277712960336,-0.060901326793340135,-0.08188214415227066,0.035074998034891676,-0.01759984132619033,-0.07113021187051126,0.004174110882620366,-0.036935142604653956,-0.02598699164099946,0.015803216299556142,-0.022230530919689944,-0.109276416385126,-0.05119420512340227,-0.030886129957662694,-0.10446988962248345,0.09532210664528144,-0.092868348560261,-0.04523965272460739,0.011634228215581494,-0.04967780028497449,-0.029396155163810157,0.03413829270414389,-0.03988572616067126,-0.20272871760455732,0.031001324446457208,-0.03303484679705208,-0.037970007469687116,0.026159527525566353,-0.06719408013150976,0.00995743355308895,0.023999143379955897,-0.049456664895278855,-0.03583844762693719,0.030483697424788323,-0.054660956595534216,-0.21181980806897505,0.09068257304219232,-0.031123245404616848
-0.031836940192273316,-0.026204933409057485,-0.07451444330607515,-0.044778223331567106,-0.0553704892210694,0.010543109771682112,-0.023613670016019984,-0.03306051221389812,-0.07367627014890733,-0.03102830232365028,-0.05458648008557745,-0.058052068035678445,-0.08382916228761494,0.039393017587557526,-0.01567840774548224,-0.07129154355696046,0.006140025172956987,-0.03560550038580266,-0.025686475108499744,0.012451691452393708,-0.022646048614176944,-0.11629160290028011,-0.0540204629115889,-0.01959189742992591,-0.10431187717543983,0.10436004126055694,-0.09141401307609658,-0.04125707888583674,0.00640387476355027,-0.046488588455432946,-0.029467098161569293,0.03252667648126788,-0.0390488847714693,-0.19255289180431756,0.038076590240182596,-0.03200404939361232,-0.036375182146846444,0.023251744991978233,-0.06559869979666107,0.010482468126312944,0.023934754121485803,-0.051493098962182536,-0.036121985128195463,0.03169312134399882,-0.05210649937335503,-0.20995281834165758,0.08799903720791784,-0.03542064516082968
-0.027987031115557677,-0.0256290676253832,-0.07872550935004195,-0.03252615850825041,-0.050548881059799024,0.009318900227839946,-0.024783229693070074,-0.03166039902169821,-0.06678856048055232,-0.033882976180704995,-0.05104132096323577,-0.06116665065938571,-0.08750073066324467,0.030472047860502106,-0.0174101570415211,-0.07170133864123299,0.00434335880629091,-0.0348580134310429,-0.02266994867079995,0.009931506608143664,-0.023463263967266133,-0.10930535414861876,-0.049568710867210715,-0.023879166248308454,-0.10826809626537418,0.0996588068468923,-0.08918033396039556,-0.03938468364818236,0.00472576974527188,-0.0474889147251372,-0.03354061687987954,0.03604087620862197,-0.040152471121807594,-0.2025928231645471,0.04048782965291794,-0.03447794943196658,-0.039041962525005594,0.02199661522799428,-0.07079522766513802,0.006025122232194294,0.023804840087125773,-0.055144981922655614,-0.04005144231340939,0.028597248345689413,-0.047980140518633634,-0.2102685997622884,0.08740073284469417,-0.02821506864705458
-0.022613163710003326,-0.03134932649691116,-0.07625455994963323,-0.04254413593844027,-0.046882249859282805,0.007932742933954373,-0.018683857588082574,-0.024344944954462443,-0.07779093652584475,-0.02726030853455064,-0.051026802374473254,-0.06096772934235257,-0.08944771339008033,0.03478600769985636,-0.015493912408249612,-0.0717380415624889,0.008190586348157338,-0.03323573469139249,-0.023841680470481637,0.014823866058355627,-0.016107670996261036,-0.11137298603957216,-0.05336044030970812,-0.02586199197274658,-0.10939180115946279,0.09787349472463355,-0.09795414593840669,-0.04504214727182152,-0.0020438217185560223,-0.03993846985466975,-0.03329422598666574,0.03460361078935412,-0.041264643077646664,-0.1942240916158798,0.032456972579827645,-0.03205950829883814,-0.03934604109557584,0.024847338997180526,-0.06851332700896823,0.007397776369770121,0.025291794139746325,-0.05328846421219454,-0.04435786037340861,0.027927753746840586,-0.06173334252691313,-0.21184775006441253,0.09361629088942668,-0.030555463279048
-0.02805896153359036,-0.02933857822447319,-0.07771733155949194,-0.049230457373352826,-0.04833875541509652,0.01263283901568187,-0.02408629245254862,-0.03331997569275072,-0.07089343868538558,-0.031352107442571775,-0.049288829778970145,-0.05597887228735988,-0.08606156082569764,0.03859013821143244,-0.011887680005010972,-0.06840415452602136,0.004471184070040358,-0.03230210995052032,-0.027462346728357366,0.014507965328464241,-0.020446878577873973,-0.10840975562123616,-0.0456914514849467,-0.0293037807549358,-0.10763151789541985,0.1045360238433763,-0.09486626564324185,-0.04158314847552177,0.004966140770567692,-0.051900050443519315,-0.02741626965259293,0.031224439384916963,-0.04295109258237212,-0.20751852772118423,0.03882133579086512,-0.03620493471820033,-0.0348762672311799,0.02870463957538894,-0.06984720866945693,0.008607623040720316,0.021080351647267112,-0.051608250760288944,-0.03994986768708369,0.025971569610291446,-0.04990730269323073,-0.21003367736550047,0.09083327925764342,-0.03365315806742332
-0.028256338135874134,-0.03174534061929277,-0.07331926343264458,-0.0412844844861872,-0.04680269992622134,0.013654112508194621,-0.015729755229165185,-0.02691113391784648,-0.07042734159110903,-0.032598831612810415,-0.05104918205403352,-0.05868686560231974,-0.08781648972781206,0.036555227677887166,-0.013097380975171513,-0.05935716558340864,0.0020874493674889315,-0.03681176602359398,-0.023772721162643878,0.00871174264944389,-0.025048512977316695,-0.10917818260641637,-0.049485340840191475,-0.02647069382340503,-0.10762864118096925,0.09784751184110824,-0.09739922828527299,-0.04504973708148305,0.00810344803546682,-0.04459257275258081,-0.029791744833041013,0.03548834950861138,-0.0377987181405886,-0.1984738483453284,0.036368860527021284,-0.03853496514755237,-0.03958417474322994,0.027682099021852938,-0.06728243134879419,0.01520268000152306,0.024032107063817424,-0.04886226453457878,-0.04234860942391049,0.028869223436899853,-0.053577942668705615,-0.21353940421910297,0.08916542953948128,-0.03007818402457611
-0.03020171578357118,-0.02864185421214832,-0.07000287193502482,-0.04842340289379687,-0.04676168516409004,0.006397270509159452,-0.01690009997274078,-0.030549794271615607,-0.07602177684198444,-0.03465937652281749,-0.05460341759066287,-0.05606157080115309,-0.08611741380202778,0.03171303423963652,-0.012639420136411563,-0.07569581784206361,0.002502642010664947,-0.03563415337159844,-0.029245631905088866,0.010457764577740222,-0.026081289486840093,-0.11192024153467092,-0.058655854304878546,-0.03391585607467735,-0.10307335935579226,0.09282141768729225,-0.08889732892656743,-0.04258378698121109,0.008147247463911152,-0.047552745753097564,-0.02757136160515508,0.031137369085113314,-0.041976258841786296,-0.19203823194825898,0.03988204478548557,-0.03549909424458886,-0.042569038512934705,0.02927531389877508,-0.0701620434824537,0.006924785957703758,0.0224905266993005,-0.05185078385747117,-0.04073151788296172,0.0249283336434542,-0.05578907046279032,-0.20983746453938834,0.09270101495463763,-0.038174555999703125
-0.026363033733356564,-0.02983902467109545,-0.07424886468970023,-0.03856959206979494,-0.05040150260402507,0.008994466190361204,-0.01808530862741925,-0.03119853629920446,-0.06906351095005715,-0.029356779490286002,-0.05281319281967938,-0.058123228188885885,-0.08574578444495454,0.03250511594465188,-0.01620236199327162,-0.07018683564414772,0.009649470111702288,-0.03814124961756384,-0.02462741137974923,0.017078715710323964,-0.022893180585769488,-0.10794712689582431,-0.05282125902102057,-0.03307489883869785,-0.1063045064163308,0.09976620747905969,-0.09095182987017635,-0.05131833320746168,0.01000979164183438,-0.04606986654117722,-0.02861872390521609,0.03457448644090866,-0.044759559435243304,-0.20272056477908396,0.029097863138722112,-0.032975007992051185,-0.03780092082929037,0.023341060544523916,-0.06736341937050856,0.006977448628545938,0.01962501403408601,-0.052449423957162636,-0.04180020125322064,0.02580004868462482,-0.04793930786895846,-0.2148152011946389,0.09148036966672482,-0.03927565401851035
-0.030197066985562085,-0.033810984597279305,-0.07128873731853969,-0.04412996741851067,-0.052052608840439725,0.005284166408566521,-0.019686554439519454,-0.03100656443536482,-0.07201516349819391,-0.02850608916460835,-0.052787290683264806,-0.06368020605381931,-0.08583239887469035,0.03682674845401019,-0.014513358156337548,-0.07502749435772611,0.0009398890627937903,-0.03153294421184167,-0.02191337023226022,0.008370087000875794,-0.029285067797645992,-0.11363077752285626,-0.04817169678720248,-0.02358358136300782,-0.1081688140785997,0.10640928983971576,-0.08781534294451167,-0.043722454078991335,0.006360560001968322,-0.043529409301102245,-0.02764494110206379,0.02952595284108536,-0.041138838544541034,-0.1961288497606292,0.03828907417668837,-0.031277175779896305,-0.03765531533776959,0.024691997880448652,-0.07096136583644085,0.010702087586987213,0.026766781156660372,-0.05191982658152862,-0.03828505910567289,0.02472918757606927,-0.05124978423559683,-0.21175319635279646,0.08931582449917952,-0.03260740929815417
-0.03171633951588656,-0.022332625557020074,-0.07661275355551625,-0.044937187156317074,-0.05191328781988529,0.011297044999687457,-0.012325410962527287,-0.034242994773286135,-0.07832431381127435,-0.03270023202399246,-0.05635976449324494,-0.057976491029001986,-0.08753164511334277,0.04166881058528964,-0.014970872772060525,-0.06516268232435442,0.0021478819363607406,-0.03753676817994023,-0.025589674318935385,0.01417662408304033,-0.024685413774395076,-0.11369448493334117,-0.04821311130865736,-0.022288721711629298,-0.10494611099490511,0.09947735766177111,-0.08573929169467467,-0.04170465134674306,0.009398046146674683,-0.037873882046213135,-0.0293119399852053,0.032613803680013126,-0.040023467985970514,-0.2007004454511217,0.036556992784059356,-0.03529885343694244,-0.04237162330716389,0.029226365426341085,-0.073321154873294,0.01139700072327644,0.021189866141786914,-0.0484898612287887,-0.043205533016671314,0.02448371127339965,-0.04958247060674796,-0.21334339674810143,0.09103150323609341,-0.03459826524299446
-0.030155731122751887,-0.02848384003220152,-0.07111487851460602,-0.03411047508359921,-0.04885906674986982,0.005785268310605111,-0.019449669320169175,-0.030876803194315173,-0.07340679156374119,-0.028111028572172084,-0.05105293109365171,-0.05541299429092097,-0.08335167256553462,0.03815832495795718,-0.020681748195748258,-0.07918303574273222,0.0010643252714765345,-0.030984108592875953,-0.022404492843019673,0.008275150260133842,-0.02479103187480092,-0.11025766587804745,-0.047685915025775766,-0.029475398546950984,-0.1063045064163308,0.09976620747905969,-0.09095182987017635,-0.04477659113590704,0.008136263531175303,-0.0456254031518115,-0.027563522493696063,0.028001712880758183,-0.04127588728093513,-0.2003508773997137,0.03649147723126683,-0.03759593559453384,-0.04362292381875788,0.02649668579155857,-0.07527387195693828,0.012386520822205198,0.025356027558007616,-0.05167974654688456,-0.043205533016671314,0.02448371127339965,-0.04958247060674796,-0.21175319635279646,0.08931582449917952,-0.03260740929815417
-0.028112117282437857,-0.024327545923116433,-0.07533202425117784,-0.040961393383707904,-0.04857281981046628,0.011470649775445142,-0.017867840749318506,-0.03311454775352325,-0.07038437021671372,-0.025376918516991278,-0.04924665443892145,-0.06241871633540649,-0.0863465691546175,0.03347697477627457,-0.010014563105104153,-0.07655162643929339,0.002756769250181804,-0.032518982836260264,-0.022496380812872366,0.0168035137312861,-0.029384345219492965,-0.11261254588467873,-0.05331562569608833,-0.03198147968985877,-0.11148656070376195,0.10658208520317718,-0.09127296845547825,-0.05049939904499258,0.01010867683086995,-0.0491689984597401,-0.030228908067652622,0.025119351071466657,-0.04084143492982422,-0.20193900262599807,0.04059350378075402,-0.027379892213080584,-0.03670572019160659,0.02889108924419921,-0.06527770058577707,0.0063737273947568245,0.023987748357956817,-0.04951463306394666,-0.03587014909072682,0.029138932038186006,-0.05509586956590007,-0.2166886569622125,0.08370049937623424,-0.03455559610643026
-0.03179102625502477,-0.0260467076376549,-0.07562677701967584,-0.038570452334311604,-0.04868672407756876,0.008774524739587864,-0.02310072767982619,-0.02665338896119219,-0.07666503786347552,-0.03231208024688562,-0.054579196408880905,-0.06052895324325747,-0.08608021665684289,0.03629763803193841,-0.012138546540090028,-0.07198684056128944,0.00442798506948988,-0.033819508480579075,-0.027574833631721005,0.013486997566806932,-0.0310234933841579,-0.11423106257906869,-0.05352217084121025,-0.03032139279760497,-0.10830222639186865,0.1018646026451598,-0.08794967056886135,-0.04317618289908797,0.00642596146702677,-0.045594807540303664,-0.030055665923965445,0.03622559175641987,-0.04475609522802127,-0.19899832748338625,0.03646711480489419,-0.03508881546884214,-0.03515954706176066,0.027384096242821777,-0.0641329241600143,0.011815703787530907,0.02234165991547317,-0.05687985255814763,-0.03950806698290579,0.024828713242319656,-0.05351918345261875,-0.21507353781220556,0.0850166829820098,-0.03319993197335518
-0.028296102200733676,-0.024960147190780272,-0.07087980357662613,-0.043028252640387545,-0.04679937424918369,0.011539647417477615,-0.01575155846219679,-0.02895637366258362,-0.07035699650692677,-0.025339609747858025,-0.05101465967307069,-0.06265520106072929,-0.07878273152210097,0.033763209430585014,-0.012123408307728779,-0.0670151566614171,0.007893833053204962,-0.03588283811709948,-0.023426611878988122,0.010486105232485927,-0.02933738060460367,-0.11391504526085118,-0.05001110390414596,-0.02410153173740516,-0.11148656070376195,0.10658208520317718,-0.09127296845547825,-0.042988072758061394,0.0028975662244923846,-0.04050777915763727,-0.036956510259065725,0.02888437080317035,-0.0422160686366169,-0.20153727133407315,0.03838752683316484,-0.041309624733780345,-0.03505564975794715,0.030140481774530752,-0.06819306277133112,0.008510967382205447,0.02681011874211962,-0.05041650400524309,-0.03721915712229069,0.02456188999097605,-0.047921612269198284,-0.21328704808179294,0.08516584841500756,-0.035729484680221205
-0.030063751006055264,-0.028167760728367706,-0.07333925492385558,-0.046199453495449135,-0.0519942758689048,0.005577506678349083,-0.010946744511334114,-0.02953478486427363,-0.06150736959010417,-0.030991088999849134,-0.05635424703219907,-0.05827980394916794,-0.0816148363081307,0.03790082976407802,-0.019723648824343392,-0.0659945681914505,0.005675130575776685,-0.040324211326547336,-0.02266994867079995,0.009931506608143664,-0.023463263967266133,-0.10956524582674705,-0.05302809727457774,-0.03141276035651159,-0.11196058173137596,0.0973736117253477,-0.08919194936620649,-0.04258378698121109,0.008147247463911152,-0.047552745753097564,-0.03339293868676689,0.028245551053890792,-0.03888812374927913,-0.19641270620381923,0.03430966530615169,-0.040570787187626044,-0.039769003784169546,0.029116115232574177,-0.06561406537394861,0.009763212422047115,0.0197354076764214,-0.049327254616737745,-0.04195541180584065,0.025028048779472876,-0.05805944526611152,-0.21205469942674426,0.08725113393924085,-0.02568655580702031
-0.028335455765801095,-0.03028615791452245,-0.07104180613481431,-0.04477354436335414,-0.0485112259057401,0.0096478228771342,-0.015232163068324043,-0.02460591047484467,-0.07328100900742505,-0.03508462166061644,-0.05461592210159242,-0.05328513110310397,-0.08811940050628819,0.029153950520238066,-0.011471760458126062,-0.07356413488710015,-0.00333094243426824,-0.03834449654408933,-0.025095542480219536,0.014275157377156613,-0.029180364536487813,-0.11203966020679608,-0.04964161078053536,-0.030937860845490498,-0.10413865237454964,0.10000581212996985,-0.09505291209629449,-0.045595961792729144,0.008037836180846638,-0.04252715667307304,-0.027807985286912036,0.03257478551093703,-0.04086386095866025,-0.19757141315018384,0.030492880438177095,-0.044118717886388034,-0.03907035520871233,0.026165510646887175,-0.07421325594621982,0.010197871108932752,0.02539902108231101,-0.05017865095872754,-0.04206061400840959,0.02765670092828237,-0.05613174097250388,-0.21363045392823474,0.08750000779806937,-0.02795992109894014
-0.028296102200733676,-0.024960147190780272,-0.07087980357662613,-0.04319079961126384,-0.05020131200612975,0.013185926482355581,-0.012749043718193903,-0.030414923134831223,-0.07568494553885058,-0.03145365777782582,-0.05459913805496161,-0.05527440933652315,-0.08184429309595787,0.039666529154596036,-0.017095313690674328,-0.07154004947634553,0.0023775897770670707,-0.036187284641451885,-0.028100514676776912,0.015085994036019573,-0.02744276361820993,-0.10625432239794647,-0.049287609102155516,-0.023301170460686117,-0.10436882331833111,0.0953876642949616,-0.09403317356162233,-0.04555826692806407,0.009945234001139893,-0.048753901631254454,-0.028370087861671337,0.030000220851186785,-0.04517236330805217,-0.20017609119528396,0.036458724250510284,-0.03874467372833882,-0.036722309127114536,0.027505483845245756,-0.06377949511605728,0.012464496784438485,0.019629430779414987,-0.05285358550626808,-0.03527331638928119,0.028765908849019563,-0.04858895516650792,-0.22004221572815655,0.0882944031467436,-0.03465643887573227
-0.033517281512709614,-0.02392299864238402,-0.07790437242227516,-0.04652041483258384,-0.0502234125962558,0.007758151231701451,-0.015536224335337231,-0.030871632946856253,-0.07167777357270483,-0.032885191736125856,-0.04751881788977952,-0.05684502082848149,-0.08930556130644941,0.03734146292039334,-0.016431772930065047,-0.06976697227668503,0.004322695620888468,-0.03461817560353274,-0.022139672689407044,0.006618390659528716,-0.026118306781743022,-0.11454664680541045,-0.05373113093557211,-0.023840274389508323,-0.11196058173137596,0.0973736117253477,-0.08919194936620649,-0.04267585961614534,0.004835627353468251,-0.04776803789862068,-0.02765962537237171,0.03579867802010122,-0.04253712262991062,-0.1950985880052589,0.04190085069794812,-0.03827112879804958,-0.03368759946213048,0.030068758210347404,-0.0653976390208288,0.010508063570546773,0.016557604615734373,-0.05962012854712745,-0.03775495525074961,0.026922399506243644,-0.06474627776312744,-0.21184424684766928,0.08764986091770935,-0.030488597376462635
-0.03009121324155953,-0.03171976713742306,-0.07345479683928122,-0.042382722412633585,-0.04690986748813325,0.006730199919421268,-0.01664226045570667,-0.028373775813731825,-0.07748440320510049,-0.0291441031367703,-0.05280674425669192,-0.0595121799091099,-0.08193863444397582,0.0281886927720505,-0.01835448409487287,-0.07017638165795113,0.0025266765837665484,-0.033868829276815414,-0.026234543685007182,0.015753469618546647,-0.019983845936204638,-0.11809507565586631,-0.0576600609569029,-0.026731260271369427,-0.11487442801236732,0.10448711956214173,-0.09479053612677253,-0.04199102471030675,0.009869073989938122,-0.04951114515985654,-0.028762930624222093,0.03135065317689033,-0.043085185801236846,-0.19435046090771013,0.03225066298000126,-0.04261148534922021,-0.03530137948491989,0.03159255075610503,-0.06548532242373052,0.012912338141751826,0.02529166393087759,-0.05371703706730745,-0.03511599467763815,0.028833623210574612,-0.04964824041448064,-0.21205469942674426,0.08725113393924085,-0.02568655580702031
-0.03021995428314242,-0.025247437004814906,-0.06877219088906854,-0.04509270986946966,-0.043310260902495665,0.011384378877807995,-0.015558317843132587,-0.03291638527639962,-0.07160652972931111,-0.03102830232365028,-0.05458648008557745,-0.058052068035678445,-0.08275106235267649,0.033223504976084145,-0.009286865619523571,-0.07280682281716254,0.0008353558093016829,-0.03232639366977148,-0.022708354786536007,0.013341091859123288,-0.025300082448635998,-0.11140786909740862,-0.055028118353533766,-0.03157197489523183,-0.10796574473499768,0.09985682946509333,-0.09267308824958097,-0.044510785002242634,0.008420826089049004,-0.052996136300910116,-0.031454469140733014,0.02776477338671168,-0.050724265294541326,-0.19966032331201403,0.03826482696378289,-0.042247255076818035,-0.03950530240434057,0.02905077208101439,-0.06982505647029269,0.008473326285047666,0.023730079304704554,-0.057662250067089894,-0.03826539866580762,0.03203648128261185,-0.05876517382784196,-0.21167238080818362,0.08648256625815627,-0.03437390216480494
-0.02849997984019668,-0.03430861646543656,-0.06781275234361389,-0.04351365215960761,-0.050145708883760146,0.01558988133533344,-0.018903558873705855,-0.022426933389171556,-0.07646715108124794,-0.026685212276153822,-0.05808496207319426,-0.0646813683128653,-0.08583239887469035,0.03682674845401019,-0.014513358156337548,-0.07931251798988091,0.0063090728587134005,-0.03551882447370196,-0.022478987372223397,0.015096506266194324,-0.028466047008035185,-0.11194415609478642,-0.047928969409424274,-0.02652861643109391,-0.10623372026153712,0.09535000569887203,-0.09341974607131705,-0.045550673075330575,0.009693160866046583,-0.04241796615881414,-0.02772642869980245,0.031050310384478304,-0.041001496437116064,-0.19080368965595398,0.03774996849166541,-0.04349535402778319,-0.03507478733802913,0.028753786597311985,-0.06668871785695743,0.010788132251927922,0.021038482116302045,-0.05310206574830056,-0.039977514735110194,0.024624850784447636,-0.050340666673622296,-0.21016328978661053,0.08760011955494654,-0.030616458701216175
-0.028276307101770145,-0.0283531146274075,-0.07210070732596292,-0.0423836737092568,-0.052055220032161904,0.007396355757012596,-0.021998571191371812,-0.031203770637330864,-0.07079271171979398,-0.027510163286547203,-0.04926535276324505,-0.05934519630454694,-0.08937925657972387,0.02817715183014517,-0.01742920525766785,-0.07778987054359103,0.0044900263672735825,-0.034540009833219795,-0.026013299645668495,0.017504317822775117,-0.023145685835152443,-0.11200785214983039,-0.04797047390818821,-0.025233304188889364,-0.11349003012034777,0.09532952855135401,-0.09329927596587051,-0.041484027770483656,0.008026933121755222,-0.04534836406950198,-0.028691058700601478,0.03296242846668049,-0.04392251420313129,-0.19560435848909144,0.038191015980023446,-0.03472213490043636,-0.04269126729839463,0.030692566993967697,-0.06953715693165197,0.013175271144647418,0.025259480257178158,-0.054735790290641004,-0.03565141403937146,0.025240540426102454,-0.058518082025989133,-0.21367240513756994,0.09189794112348022,-0.027110355148588693
-0.0282632167614505,-0.026577698602864172,-0.0720469027003071,-0.03856959206979494,-0.05040150260402507,0.008994466190361204,-0.0201433314629754,-0.02921907463685576,-0.06930169520590011,-0.02676023194293886,-0.05454958848201326,-0.06421454931821173,-0.08213046261128387,0.034545680928116405,-0.015224161393380157,-0.07157701241168658,0.006224617974930254,-0.034566623919833964,-0.023861568266485136,0.01552456502791062,-0.028719308774302205,-0.11292816194085192,-0.0535249341048239,-0.025498834797676798,-0.10979452880814852,0.10429107952918745,-0.0907726144664067,-0.04596721299420183,0.004945376075047991,-0.04804772175447515,-0.029001549058732954,0.03278809287500953,-0.04197284842271972,-0.19830786846496481,0.038240194443032414,-0.039738486326556716,-0.04558135813194287,0.025334115376926838,-0.0671408453076225,0.013999542397460527,0.02229942010406838,-0.05837678463380988,-0.03902404368172858,0.03304430311841217,-0.05303063835547957,-0.21319625689270078,0.08683129063050629,-0.03784989192673404
-0.026581221664329368,-0.028854119368436727,-0.06863649488364504,-0.04238409015501177,-0.05377003551173076,0.007619163225795902,-0.015773385730493833,-0.031001347394072686,-0.07028624553405126,-0.0312780936778387,-0.052824968156854356,-0.056435417116381524,-0.08409606868126329,0.036569078021208956,-0.013554985846025932,-0.07245747006418858,0.0001774697171227214,-0.04087503028677094,-0.02131604636183113,0.010195678933674922,-0.03582531828227404,-0.11515589493547729,-0.04996467113064418,-0.030222308631286145,-0.10627388865739895,0.10424839196861396,-0.08964806144733525,-0.04391131159413465,0.009890698614588226,-0.04861581636294474,-0.029001549058732954,0.03278809287500953,-0.04197284842271972,-0.1998350390210263,0.03829750490536203,-0.04109834516724191,-0.0362934799096416,0.0246195860027892,-0.06814846785333982,0.00828534732426183,0.019463806153313504,-0.05753799645659662,-0.039366241730192514,0.030861147652406978,-0.06253157362476958,-0.2135008785636875,0.09073158951556849,-0.03099558048555507
-0.022716653835048485,-0.03343677314961371,-0.07406518187236052,-0.04096152518864643,-0.046857965425969664,0.01124988295054801,-0.026149228629826743,-0.031338677812501915,-0.07113137570693767,-0.025302228977325054,-0.05278251871711669,-0.06289132016818899,-0.08625979009684784,0.02915731097032682,-0.011701903980764742,-0.06825381961879792,0.009627526166067069,-0.03790797760188505,-0.025609878689944694,0.014878310771469786,-0.0373050391804878,-0.11902432541022741,-0.05409915810890598,-0.02664281675480583,-0.1115547889726386,0.10431224170715567,-0.09133545860893649,-0.045193595421298166,0.003387541159055931,-0.05125465139032047,-0.02844186912033813,0.02838874587946132,-0.04433434626084684,-0.20116268391811742,0.032608910651058795,-0.04343609268883596,-0.034942451417640366,0.028721024653171254,-0.06879429575365763,0.010134291236725811,0.02375193652657846,-0.05712372635811906,-0.03942363340997853,0.02886863651049834,-0.05221737782881648,-0.21016328978661053,0.08760011955494654,-0.030616458701216175
-0.024309443727961767,-0.023912027651203767,-0.07844396063147614,-0.040961296009534,-0.053716476858634066,0.01213521681889513,-0.018738792277931283,-0.03048739273454942,-0.07758257727580345,-0.02785541509762747,-0.0633810141219576,-0.06784962111607294,-0.08962647321906728,0.0276505369739603,-0.015053456152220054,-0.07261853199465619,0.0021437299503318926,-0.03954510194870528,-0.024106905599118652,0.014472489333685012,-0.03817480582141206,-0.10825320597293815,-0.04723380665283211,-0.03890722423999639,-0.110198041712284,0.09734757792946036,-0.08863704893206703,-0.04125707888583674,0.00640387476355027,-0.046488588455432946,-0.03329422598666574,0.03460361078935412,-0.041264643077646664,-0.19863086287952128,0.032594080310514806,-0.03727539420622188,-0.032055854078800246,0.025754378702659023,-0.0633282028439105,0.012057961335941367,0.02374155658392492,-0.057604128572847434,-0.033541415550200425,0.029510747145727743,-0.06024581596607569,-0.21348688088063952,0.08926525924115196,-0.03127888225992516
-0.02995805782893829,-0.026075061712764438,-0.07550610573134278,-0.03905435877430779,-0.05203252071000744,0.012822462376278067,-0.019414475383735197,-0.026782371688652877,-0.0735455817281788,-0.03145365777782582,-0.05459913805496161,-0.05527440933652315,-0.08413351655932108,0.03198170263912929,-0.014057212894831547,-0.07471428064193415,0.004130656380938305,-0.038454899205953144,-0.022524604074336357,0.0072454621444376375,-0.03536654105528895,-0.11219962496143646,-0.05139506701822079,-0.03405325115497655,-0.10806821902221343,0.10647606807631634,-0.08897883580502737,-0.03925007747705528,0.009946263379636291,-0.05350731831689821,-0.0343973933063143,0.03329230125451971,-0.04251160231319336,-0.1993021383858786,0.03629500730312471,-0.04449033494745652,-0.038402307634398045,0.02904453110837666,-0.06281460742992097,0.008559195048052536,0.0239451611903285,-0.051012855176607905,-0.03753782937138214,0.029682766653686063,-0.06493733366662549,-0.21009645725992862,0.08623334026106201,-0.03209977640901909
-0.03150122756409406,-0.02331881127079532,-0.08224127453391224,-0.044289591423316045,-0.04859432921082611,0.006040391498538313,-0.02075095111495039,-0.022360292656403855,-0.07802582448227163,-0.029744973916404203,-0.0545936926804066,-0.05557542979364793,-0.08595631337737063,0.03656216133397699,-0.013325897946551821,-0.06931913266110777,0.0022727806490687465,-0.036983083011828476,-0.026771551259749893,0.01705889115972133,-0.040725535961279306,-0.11591278053180229,-0.053770311605511927,-0.027366082092658856,-0.11375460684938188,0.09960019176550265,-0.0885247291433442,-0.04423023206484909,0.008201913659389043,-0.04769130866922655,-0.02926427957120121,0.04050002708909915,-0.042255544298159135,-0.20341444052188506,0.03851027448211702,-0.04037265441348587,-0.0400198316073796,0.030566393103806225,-0.0628925773695805,0.010441193624377192,0.020854767685130338,-0.058734242191007334,-0.038039931667215955,0.028834386720684977,-0.051007660865369904,-0.2151157004008665,0.08941417128851238,-0.03235229143055124
-0.0280257617145393,-0.03095595910088089,-0.07888212827639268,-0.042382722412633585,-0.04690986748813325,0.006730199919421268,-0.018483181566341742,-0.02831028581100527,-0.07904475230549633,-0.026115813033411525,-0.05457604384667985,-0.057567708928144015,-0.08386676261105486,0.034804258057630925,-0.01618158192851416,-0.07626639788375304,0.002672058636100387,-0.0335573332571452,-0.02614126752321682,0.009656450121386537,-0.02893469622594891,-0.11296184834148285,-0.055194378457764544,-0.03120549456330258,-0.11125565311979631,0.09783359452025527,-0.09734440521756917,-0.04369095438335824,0.008519466709737862,-0.0560967899037018,-0.028050382128752008,0.027038188162717636,-0.046421232534099514,-0.19740598961434416,0.032363993576847785,-0.04532320116284932,-0.04432354377956323,0.030828473570692513,-0.06812158276978177,0.00439266428951068,0.02686455871863722,-0.04842951643444397,-0.0371578155020955,0.026550068084970964,-0.05823440356789176,-0.21180166796878044,0.0832520582619592,-0.03133466708671561
-0.031834149711122875,-0.031378277535997263,-0.07581392593434945,-0.0427063659444072,-0.05028468828524941,0.0095790885027937,-0.017076680097584413,-0.024540434498569543,-0.07483965088249032,-0.025865604594784142,-0.0563369947139176,-0.0591915126053693,-0.09041836755824749,0.03496362840388663,-0.0057476966252711465,-0.07170133864123299,0.00434335880629091,-0.0348580134310429,-0.02082348499718558,0.010291907452689373,-0.040323448110920465,-0.11610211196970854,-0.05389547867350482,-0.02347832693825207,-0.10863709730785728,0.09719002635104207,-0.08575435219301772,-0.04171109610984295,0.009649887234812003,-0.04420773306878971,-0.024412330446788783,0.031145983635750794,-0.04463333085265283,-0.2010214562506237,0.04019421689508229,-0.044812784787872255,-0.04101535933894153,0.02777023771612917,-0.06903441180002882,0.013999542397460527,0.02229942010406838,-0.05837678463380988,-0.04195541180584065,0.025028048779472876,-0.05805944526611152,-0.20662934585751436,0.08633194133767798,-0.03475894687419923
-0.03010974286357991,-0.028325808870941317,-0.0722270061775496,-0.04254446651431535,-0.048597436840304924,0.008154466414371161,-0.01338802907444392,-0.02467133132655302,-0.07172267113191652,-0.03170340128560527,-0.05283771663062551,-0.05365890383251153,-0.08673657159965605,0.030394174424503425,-0.006703359774790168,-0.06878634545460346,0.005949795195769711,-0.03744550941395114,-0.022279575749280005,0.007292579811718352,-0.03761491251528753,-0.11613314912949872,-0.05556864919192899,-0.02917739473338211,-0.11511425261488793,0.09988800629029354,-0.09374014853130166,-0.04240271542094241,0.004868246139344721,-0.04880091867536852,-0.028452897553481987,0.03152485846469497,-0.045035055388146734,-0.19814189887078648,0.0401117850048,-0.04094144423509884,-0.0376833125682976,0.021923870837121773,-0.0679739025584701,0.014017304955836895,0.020867724761605113,-0.05866857769876833,-0.04414056927654019,0.02337002298259774,-0.05440418530638334,-0.2135008785636875,0.09073158951556849,-0.03099558048555507
-0.03166756984686277,-0.027349615984055067,-0.0790267199054203,-0.04493597910054301,-0.050198478033483894,0.01107336286076758,-0.019703945256401716,-0.03305333655702148,-0.07194524656476019,-0.03046465727388372,-0.051031006414741675,-0.06176118587207136,-0.08260817255980947,0.03578183234082157,-0.010222547823031329,-0.07620447225539119,0.002099196123726581,-0.041070425360217995,-0.024129359988695236,0.016177021291663138,-0.039092727035292145,-0.11312175620963792,-0.047839649295928204,-0.033947761158358514,-0.11016458731861362,0.09514359345317538,-0.08986478350691803,-0.0445489929050533,0.0065134415507043355,-0.04676680975392219,-0.02614835284186519,0.03262283322891459,-0.042679319431888824,-0.1933789285791664,0.03800309544038177,-0.03795801343772901,-0.0339272020835129,0.027344880238391437,-0.059225980681205305,0.012202783449810474,0.01966165383211648,-0.0518360796934634,-0.039580622781590996,0.02880079000603422,-0.05115793969021983,-0.21324872765123173,0.08673163583149422,-0.036648532295512036
-0.02818420458381091,-0.02803713046009267,-0.07432603275494451,-0.04079957872519023,-0.05202994724940903,0.01071087290273804,-0.015773385730493833,-0.031001347394072686,-0.07028624553405126,-0.031424240406151854,-0.056321914690308866,-0.06631517331479542,-0.08962647321906728,0.0276505369739603,-0.015053456152220054,-0.07236921616503617,0.005907276555495454,-0.038960588708181434,-0.02276960129908694,0.007198366591181576,-0.03311854790868527,-0.11156264059228367,-0.05348592962705901,-0.021973698557120565,-0.11142180494679893,0.102175247280048,-0.09372600938791711,-0.04117076264322928,0.00996792621419884,-0.0526114562816501,-0.03066062962268215,0.03273989777467412,-0.04015790865306008,-0.20343627182942586,0.03303654594525956,-0.028501559224126158,-0.03683782225176576,0.028923802817944308,-0.06317270110502705,0.0073499724036712715,0.0183768920599507,-0.04711743485035556,-0.04062371150526815,0.030318326041680752,-0.05405206222857719,-0.2131153948515401,0.08399814255558755,-0.03961557794950586
-0.02268385605414576,-0.028119697479888732,-0.0739506170014105,-0.04031535884261933,-0.046968450978370734,0.006439974715102641,-0.021924945384389133,-0.020961093406555185,-0.07113245587253889,-0.026190435072394342,-0.051040977812192016,-0.057098856680179055,-0.085336628631889,0.03788573511408925,-0.019264287028719813,-0.07074767610483208,0.0026959482114440724,-0.031792858907945656,-0.022954853953247492,0.012287177604990604,-0.034752227777525235,-0.11385154061257417,-0.04996955677874048,-0.025396895163533603,-0.10606733316208904,0.09768976741251911,-0.09451501225438665,-0.046332736161047175,0.011502039056909804,-0.04554488559246016,-0.03172072522446382,0.03617693320644403,-0.042941329813264074,-0.19845588534194736,0.032561201185854365,-0.03842468680429296,-0.04394387934651437,0.02796256577401363,-0.07148658482581703,0.00802373512762228,0.01949605020964722,-0.056520138005880335,-0.03955161162077515,0.029446004117186925,-0.0619065708146905,-0.21365847175907562,0.09043178396939353,-0.027393950491583427
-0.03189729509838298,-0.028140434164488647,-0.07346542705597267,-0.03556702510574665,-0.05032373874919301,0.016826475817309623,-0.013601967185927287,-0.02275640489696807,-0.07040105379672558,-0.03064015112667033,-0.05280571059061675,-0.060601650772233256,-0.0801267932719558,0.037112865493789955,-0.016390272693299873,-0.07001437520641966,0.0005615373170497461,-0.03519524134077002,-0.027583518898658028,0.007377315087254739,-0.03885976542192825,-0.11210311805681761,-0.04968328851211852,-0.02964175024051811,-0.11355350897039962,0.09973201511906339,-0.09085302842632806,-0.042356608179468125,0.006524111506606389,-0.0486935166964899,-0.027236037933312904,0.03201315207253792,-0.03585715361632071,-0.19552797421108684,0.032241606709097634,-0.04626774543397085,-0.038153158005954285,0.027593847731558468,-0.065530792454137,0.00810876639974089,0.01971246532844955,-0.049870756175989225,-0.04362445157018592,0.026272849583191038,-0.056716614239716974,-0.2134971229688572,0.08476786748920982,-0.03092553606616799
-0.02620283854967787,-0.032756110687550154,-0.07879515911845335,-0.035082842162041966,-0.048692860979941945,0.013001775198024354,-0.019721360108549416,-0.03509984266543007,-0.07187492374263321,-0.03217365467168061,-0.05103622201691737,-0.061463770774419904,-0.08370508285476957,0.039658140110532286,-0.01686605353085685,-0.07471428064193415,0.004130656380938305,-0.038454899205953144,-0.023365997263453342,0.015624065096503265,-0.03321609229998164,-0.11235712667097618,-0.04984979629410805,-0.02445878076071815,-0.10850362878773448,0.10173214487334267,-0.08562224043705743,-0.04436672630537451,0.013136604501656516,-0.04633114828733065,-0.026069639358490392,0.031098177665960347,-0.04281717250186564,-0.19691865493628138,0.03060106440865712,-0.03701459297532131,-0.03838749311846823,0.03043005424360495,-0.06430806004948353,0.013822004923699687,0.022546970222809864,-0.05070968840450775,-0.038580342037184134,0.0319009359791932,-0.056645385626121966,-0.21150054789734335,0.08531485415334376,-0.03826008127224331
-0.037293749923130955,-0.031143364420844116,-0.07733125179477558,-0.04270592254465087,-0.04856973387298874,0.009356937964904367,-0.014847338586174362,-0.0325272490320407,-0.07578175441521737,-0.027833839822509986,-0.043967243438125726,-0.05725506184023783,-0.08794026954869655,0.03629083220028685,-0.011910091075567876,-0.07439386391398775,0.0001970824361002178,-0.041120687167316115,-0.02147177912536648,0.013586684636419433,-0.03654128617859045,-0.10956524582674705,-0.05302809727457774,-0.03141276035651159,-0.10823379836228592,0.09745286997152658,-0.09041110189260203,-0.04084453226590287,0.011404787620364636,-0.047199117823866904,-0.032253423587164126,0.034303145257360265,-0.039180552801757175,-0.1964221680924853,0.03621355451955983,-0.04062387518867407,-0.036639652935260926,0.028874728351614705,-0.06633032429360125,0.00947851384579596,0.021199559910430477,-0.04801373923028983,-0.03898115871271381,0.027725610523996285,-0.05583071392428686,-0.21354967262945718,0.0846684023061909,-0.029724841902506835
-0.02456342309850804,-0.028250002872965013,-0.07296209876970859,-0.0404769313979943,-0.046940835271157416,0.007642632913983001,-0.019449669320169175,-0.030876803194315173,-0.07340679156374119,-0.026872221432618634,-0.04924543166946747,-0.06351157869225815,-0.0837802069128203,0.030480030036204458,-0.017871630083473828,-0.0708069859478809,0.0002425357288408375,-0.03959156201473393,-0.02776181999467291,0.01685856019244952,-0.03172899483168963,-0.11353428319229801,-0.0497615164351984,-0.03187592170431021,-0.11118784901455772,0.10010363362708231,-0.09728208777519907,-0.04079810873191061,0.013061051289783748,-0.047091094495267244,-0.026849832806511622,0.03379884054330039,-0.03864248677868301,-0.19945916935594052,0.032519296115254955,-0.0432294772621403,-0.036771776630441545,0.02890744739964241,-0.064225159522919,0.007003855086524786,0.018192313204752415,-0.05274838566162695,-0.03505629779918261,0.024869530496795602,-0.05200921269287627,-0.21012479910626455,0.0891665009961498,-0.03153447594251983
-0.026568739650699735,-0.02707983910586591,-0.06858689556754528,-0.0431922143337431,-0.05363027847074339,0.013631656618590223,-0.01808530862741925,-0.03119853629920446,-0.06906351095005715,-0.03725622354006372,-0.05286537502017205,-0.04999026357079133,-0.08473473803889006,0.032954106495853654,-0.007869798393122041,-0.06801274873745745,-3.107780036935633e-05,-0.04246034599231127,-0.022974791701392567,0.013992629208411201,-0.03567104151158419,-0.11353428319229801,-0.0497615164351984,-0.03187592170431021,-0.10623884977287396,0.10204039105485295,-0.09088204440644358,-0.044321514128911894,0.004890515325085199,-0.04790780974125154,-0.02986933157709452,0.030039396903429695,-0.044331466228670714,-0.19864867617716483,0.03640160875588578,-0.03738611721797611,-0.03821905661704088,0.027610278186910423,-0.06447847597514551,0.013786666129745929,0.02540954394031763,-0.050125497698684095,-0.03919497799558705,0.02496461975844064,-0.05563862400878621,-0.21198793906359933,0.08588503655654607,-0.027169207210845227
-0.026568739650699735,-0.02707983910586591,-0.06858689556754528,-0.0431922143337431,-0.05363027847074339,0.013631656618590223,-0.01808530862741925,-0.03119853629920446,-0.06906351095005715,-0.03725622354006372,-0.05286537502017205,-0.04999026357079133,-0.08473473803889006,0.032954106495853654,-0.007869798393122041,-0.06801274873745745,-3.107780036935633e-05,-0.04246034599231127,-0.022974791701392567,0.013992629208411201,-0.03567104151158419,-0.11353428319229801,-0.0497615164351984,-0.03187592170431021,-0.10623884977287396,0.10204039105485295,-0.09088204440644358,-0.044321514128911894,0.004890515325085199,-0.04790780974125154,-0.02986933157709452,0.030039396903429695,-0.044331466228670714,-0.19864867617716483,0.03640160875588578,-0.03738611721797611,-0.03821905661704088,0.027610278186910423,-0.06447847597514551,0.013786666129745929,0.02540954394031763,-0.050125497698684095,-0.03919497799558705,0.02496461975844064,-0.05563862400878621,-0.21198793906359933,0.08588503655654607,-0.027169207210845227
-0.03185391623941519,-0.02280777757100347,-0.07327457505227271,-0.04112295821720102,-0.05197420001692997,0.013115639756486684,-0.019449669320169175,-0.030876803194315173,-0.07340679156374119,-0.030926915645470066,-0.04927575645047205,-0.05875465605270913,-0.08549797542419893,0.03303348950463524,-0.01857820058113133,-0.06685226283699465,0.00592874250454407,-0.03720787506836901,-0.022545148914113126,0.00894973115560421,-0.036286418289504296,-0.109276416385126,-0.05119420512340227,-0.030886129957662694,-0.1114898281597133,0.09990562706265564,-0.09378813620228263,-0.04208337181965757,0.006556840944330782,-0.04972658289452108,-0.02606711701325907,0.027962317436994816,-0.04211709770246946,-0.1962280828256527,0.032373033864121985,-0.04166724571846533,-0.039029915311021124,0.023380192747477668,-0.07228464806116253,0.011156092398780277,0.01979053364202635,-0.047766776196392094,-0.03741131644080903,0.02910559344684251,-0.055245953807218945,-0.20840546886440803,0.09068387967955985,-0.03258047132110972
-0.03357735292462935,-0.031036505553186277,-0.07817235236388688,-0.044937187156317074,-0.05191328781988529,0.011297044999687457,-0.018720456679382942,-0.028440176154435167,-0.07765243624784379,-0.03145365777782582,-0.05459913805496161,-0.05527440933652315,-0.08583239887469035,0.03682674845401019,-0.014513358156337548,-0.07277940640854651,0.004110074659172302,-0.03821421860143208,-0.017684726153608478,0.004356651000759358,-0.04041388546041719,-0.11487199500017858,-0.04812425654592886,-0.029705266998811024,-0.11196058173137596,0.0973736117253477,-0.08919194936620649,-0.04276512445501253,0.011426229762750765,-0.04630311704594281,-0.029059708385616355,0.02804104210601549,-0.04043493323568312,-0.19079294218143342,0.03584615826991086,-0.0434476275497512,-0.03668869665100711,0.030277239800122764,-0.06677677365310623,0.0010637761723354285,0.02682232985455605,-0.04949950421293447,-0.04075843084594828,0.023580909428606477,-0.05622227777357759,-0.21517849156959734,0.08481771574012904,-0.030798326935768994
-0.026304590086895945,-0.027906656051810048,-0.07531386522943713,-0.039379013092990064,-0.04854817164848958,0.014786222935536261,-0.01598892511422176,-0.029086111598332954,-0.06896553173901829,-0.030289146810298966,-0.04925601160214403,-0.06291979543077979,-0.08211159421963428,0.0368408205084928,-0.01497222789709588,-0.07306489853272329,0.0041947209973510185,-0.03717546600654134,-0.02462489948099141,0.01607721833329901,-0.034594060680792946,-0.1148084180055107,-0.04808276948630855,-0.031000852411435197,-0.11331500919653884,0.10433328281691152,-0.0918986811734623,-0.0413515887525957,0.013248010918119908,-0.051361793361925145,-0.026198660000553563,0.031712913645411574,-0.03377464844850117,-0.20135439747231784,0.036450369037305315,-0.04240136460445797,-0.03791843115589741,0.024758453262730747,-0.06675273995713253,0.007534815434738379,0.02264157265768533,-0.04723922928848098,-0.0339911969318689,0.024000643415511096,-0.05986167733919462,-0.20850667099251075,0.08451762195983593,-0.030108099055017074
-0.02452889335266968,-0.02986564859894278,-0.07411893211441209,-0.044937187156317074,-0.05191328781988529,0.011297044999687457,-0.025902537547350023,-0.029158831364551427,-0.07259029886120075,-0.029994823639218286,-0.052832430624177064,-0.05395754401225127,-0.0860988343156196,0.034005270041339776,-0.012389126583890225,-0.07991814229827665,0.00017109400124130214,-0.04289775263295324,-0.022954853953247492,0.012287177604990604,-0.034752227777525235,-0.1121364053164374,-0.051353216053818415,-0.03535016012271677,-0.1078993380949532,0.10212966876433605,-0.09260573156978695,-0.03512986111553399,0.009683437296681505,-0.04999422878381804,-0.03329422598666574,0.03460361078935412,-0.041264643077646664,-0.1985081187472691,0.04398564984376351,-0.03875252217038791,-0.0322733165219877,0.03277281983211498,-0.06562968990378122,0.0042772403980807575,0.0197309582419416,-0.0489237540333238,-0.03992126670529106,0.026615590054252323,-0.06065526246244279,-0.2115672937273136,0.0866818389803374,-0.03677640471698506
-0.028197224842282768,-0.029812444485408138,-0.07437902397202238,-0.04303063078982109,-0.0536582374534568,0.012429399460056716,-0.01598892511422176,-0.029086111598332954,-0.06896553173901829,-0.02440807266921283,-0.05457021913031131,-0.057869821501393984,-0.085336628631889,0.03788573511408925,-0.019264287028719813,-0.07471428064193415,0.004130656380938305,-0.038454899205953144,-0.024577180922909073,0.012671007306874656,-0.032759414194787013,-0.11137168906271727,-0.04755451477100484,-0.03819305484133797,-0.10623884977287396,0.10204039105485295,-0.09088204440644358,-0.04510268068946684,0.006699147511212905,-0.051038125463922945,-0.0321205009137145,0.03752700110010052,-0.040853906557048146,-0.19590709076515436,0.03801957056372966,-0.04412449583112315,-0.036524359861106886,0.027456144557868177,-0.0669365683722619,0.008009568450359278,0.02544199821603054,-0.048677902040057876,-0.041250599137629136,0.029344756450872256,-0.06099692722866569,-0.2133293851184505,0.0895648204623973,-0.034881680141617515
-0.030049997309639948,-0.026391367175110415,-0.07328085253449654,-0.04286786447927154,-0.05025689997946749,0.010781488589327008,-0.016425757879317823,-0.030290149601193805,-0.07880613496674589,-0.02679763377423182,-0.052781682401267904,-0.0639805913940903,-0.08216808487747745,0.02995579833404973,-0.01572716891211213,-0.07097825284770252,0.009333229592558476,-0.042534298544876295,-0.02524414890714169,0.01595258902673253,-0.02897285575051526,-0.11070624889562215,-0.051273676697783765,-0.033117903527536685,-0.1021367118572796,0.09790061344024414,-0.09806662508287424,-0.04496632588224251,0.011667291452580063,-0.05071123289056444,-0.0315025262883482,0.030693334897495626,-0.0344486237042252,-0.20053388733223768,0.03842824864261004,-0.03650401922899922,-0.033484747353778294,0.02584343959706934,-0.06508344565826912,0.009541014139026895,0.02284680349314448,-0.04107286536381209,-0.04013310756048799,0.023853038365469367,-0.06046236866897626,-0.2169649119108998,0.08466843787223224,-0.028270421775381187
-0.02650143746371078,-0.03031254445149107,-0.0709105865729813,-0.04351365215960761,-0.050145708883760146,0.01558988133533344,-0.016879655232968773,-0.028503632198860377,-0.07609221228717983,-0.028046415337539373,-0.043974019559298756,-0.05586798583392871,-0.07443915239056656,0.03509953770356934,-0.01852725675299741,-0.07306489853272329,0.0041947209973510185,-0.03717546600654134,-0.023960634247683247,0.012793042945968676,-0.03838126087066464,-0.10972015947230422,-0.05148685734510372,-0.02181277255060657,-0.10732596864697912,0.09804500217338377,-0.10089464231109098,-0.046195016443446646,0.006568184111800133,-0.04690613065905594,-0.031699409827470354,0.033040292918731146,-0.04224187909124007,-0.19814189887078648,0.0401117850048,-0.04094144423509884,-0.033484747353778294,0.02584343959706934,-0.06508344565826912,0.014956233676511088,0.022633425544876025,-0.0481348506921692,-0.03568094394694042,0.03055141816213274,-0.05572069969241734,-0.20666772180490534,0.08476537627180411,-0.033839705475895876
-0.030049997309639948,-0.026391367175110415,-0.07328085253449654,-0.04874529641391266,-0.04670644216382439,0.008801786192154808,-0.018903558873705855,-0.022426933389171556,-0.07646715108124794,-0.028968628873432958,-0.05103222191412199,-0.06066993144774003,-0.0828741173010475,0.03692254606505388,-0.025687291311255533,-0.07125439156034993,0.002292934655369794,-0.03722553734909424,-0.023960634247683247,0.012793042945968676,-0.03838126087066464,-0.11467300454579797,-0.053814572772276664,-0.02124885808433237,-0.11169111279599041,0.0997736854261803,-0.09145933546088741,-0.0467490310297128,0.006753892053844404,-0.05117753311900514,-0.03185439231153539,0.03295311263095719,-0.04126716510691618,-0.1974248508521504,0.036172438292790356,-0.04543081149513988,-0.03515954706176066,0.027384096242821777,-0.0641329241600143,0.014956233676511088,0.022633425544876025,-0.0481348506921692,-0.03869622634125445,0.026514909567216752,-0.05838465604207089,-0.20966580725028694,0.09153340875720604,-0.04206364813070362
-0.022613163710003326,-0.03134932649691116,-0.07625455994963323,-0.03649962942280956,-0.05217443646445471,0.008921048002391652,-0.017137215598405496,-0.03067958492267231,-0.07462982315845884,-0.0273984117382856,-0.0545689404793523,-0.06004476903777279,-0.0854418370704498,0.03991479261414178,-0.017825057380973553,-0.07145268772683233,0.008106023938924843,-0.03427490315774379,-0.019070279370356293,0.008218031528896018,-0.042519094147707936,-0.1137564191562265,-0.05155828898269499,-0.03369220496637978,-0.10596639069137015,0.09775558137696393,-0.09567980062353941,-0.04803296311430922,0.010153143806314269,-0.05213039882055917,-0.03338526495457263,0.036128213344776616,-0.04112704668454449,-0.1992932512681507,0.034390656487212755,-0.04443495091695058,-0.034043322313805136,0.03294098720901524,-0.06209690147773508,0.009084162195950889,0.023880757929436915,-0.05304952433545264,-0.04073151788296172,0.0249283336434542,-0.05578907046279032,-0.2116481031163299,0.08951554318165567,-0.03500952662611529
-0.03391437494070354,-0.028745758421766802,-0.06914638482210318,-0.045093782381923554,-0.04502559320790398,0.011606599266901586,-0.01899390566895598,-0.03266412329947128,-0.07612032057363731,-0.03057567116990887,-0.04572538219719937,-0.06107019282451793,-0.08331384369606752,0.04274958840578687,-0.020177252726821457,-0.07541046635591449,0.0024179359993109243,-0.03667262306516674,-0.0224020937993464,0.007269018213824914,-0.03649067949611388,-0.1108680203075939,-0.05302490829499604,-0.03623725535081009,-0.11335238325635612,0.09986388866447146,-0.09318172795508455,-0.04620287001757568,0.0068194266287392785,-0.053243993249023784,-0.028036488315352822,0.030876227780714204,-0.03905218563552237,-0.19799596708096515,0.03650830335998828,-0.030285620320657472,-0.03816748325244972,0.026209083712670184,-0.06403768062690489,0.00967839842433233,0.019519061599055827,-0.05597612197324258,-0.037785343442640194,0.02627857811385808,-0.053995014757941336,-0.21674479765207827,0.08956289003627356,-0.03342598826583467
-0.024609996910166083,-0.035342193816113816,-0.07313397089351509,-0.03601674264781808,-0.048828286560340675,0.004874182835738244,-0.023350982343104478,-0.028832720504320144,-0.07520503334507739,-0.027685663523899638,-0.05103990269555071,-0.0581899714886243,-0.09090035356674508,0.040153828150125886,-0.018329848098380685,-0.06780579563858738,0.0075772469360878,-0.04027486033920085,-0.02756267771332707,0.01249129128066639,-0.04273304753797439,-0.11429414398152254,-0.053564003488951246,-0.029024874527967714,-0.11108717538197524,0.10016966091114822,-0.09844693842239084,-0.043456374701744245,0.006644375746927249,-0.0508988579794335,-0.03161109844042966,0.031515821844046464,-0.04237907576646794,-0.1994314908577471,0.026807542987019296,-0.043060408420117754,-0.03816748325244972,0.026209083712670184,-0.06403768062690489,0.014988809264544508,0.019771820061886866,-0.048715394984741374,-0.04333602281476265,0.02505977414396966,-0.0592702200087898,-0.21318208489146215,0.08536491099413974,-0.03813216216289299
-0.028322352963220748,-0.0285110812390948,-0.07098822623651573,-0.03905565072725507,-0.04860360398189515,0.012381905937194938,-0.018775535580824263,-0.03458102785503371,-0.07744164166564298,-0.031961069973212,-0.05102971502724313,-0.06285251610647934,-0.08163378080042537,0.03560457041364546,-0.019975956472296257,-0.06846151487243808,0.0020188985225531265,-0.040097694564891644,-0.019426553738883415,0.006437410505093181,-0.03822251024760574,-0.11324803429002903,-0.05703104937800349,-0.031725923335504,-0.10610277284841421,0.09989830319688944,-0.09328053400371515,-0.03975042233505955,0.011536940200924828,-0.05133284536219051,-0.030555674689019957,0.028080305112766737,-0.039594235566713445,-0.19729651538870085,0.03637727190442199,-0.034879086561936314,-0.038063570166583655,0.023407825227275803,-0.0631568490538176,0.007796933233814966,0.022609365832825055,-0.048256982107465846,-0.03794216351818512,0.026210704726516338,-0.052935382240538634,-0.2099769564818873,0.08496601778938898,-0.03478406066509638
-0.03359323836993182,-0.027638517729730985,-0.07692717807519435,-0.04031497443591696,-0.048683631567698456,0.006660544355948656,-0.01618364120501595,-0.025125261353800003,-0.06771415357605122,-0.030140302516526978,-0.056328968256251805,-0.06383897349009901,-0.08615445825773851,0.027128959202916164,-0.013139147767617654,-0.07467945334981517,0.00028181423746761905,-0.04008239020144705,-0.025336505878076974,0.01322577979481362,-0.038637180879561285,-0.11271034375944863,-0.05502619817063059,-0.03639509851613742,-0.10498187220174718,0.10168582411391977,-0.0845040697683968,-0.040524545067847084,0.013094184139441066,-0.04812450786867012,-0.02734194892439419,0.03283622666365335,-0.04378827047841698,-0.19594482117297857,0.03635296391245551,-0.03237245126403062,-0.04400951576984557,0.027978951494259077,-0.07043385492436964,0.006427460884211686,0.02112220478764834,-0.05011478244176466,-0.03989351946430864,0.02796289455964305,-0.06022096380604917,-0.21343436991770962,0.08936510096219484,-0.032479697691215094
-0.026258472229756007,-0.02774868606444202,-0.0764271840788375,-0.03856878147871856,-0.0521161301129277,0.009214785402594317,-0.015686220868898277,-0.02281985638862799,-0.07056681409339374,-0.027648439445747783,-0.05280770203464885,-0.05842278485606317,-0.08190101242187425,0.03277943075838256,-0.017851675407030036,-0.07294009330585947,0.0060765038436439486,-0.03688238024495135,-0.025009977413980797,0.008171081033341474,-0.038132787589353186,-0.11448758641944597,-0.05698823919283371,-0.037845643284180656,-0.11538500374142081,0.09749094730130016,-0.0914673207765863,-0.03970371971584467,0.013193620962006587,-0.05122523742678602,-0.026945132980501635,0.02834940326949569,-0.04517560945377821,-0.19949414248124012,0.04013668269304559,-0.043451402777206494,-0.03547153547893799,0.028852006738342897,-0.06037396764604374,0.010504297078906466,0.02250270863730516,-0.05178879717648621,-0.03565141403937146,0.025240540426102454,-0.058518082025989133,-0.21298649761391253,0.08723003002027666,-0.042656502411030646
-0.02659717210530771,-0.037564144677653455,-0.0699897883615397,-0.04128452315151426,-0.05023193147282979,0.014096221103499765,-0.026169441817651688,-0.035437926196302254,-0.07099529064490694,-0.029218377410394885,-0.049270612934787204,-0.05904977868731941,-0.08461077521882339,0.03321822240783796,-0.009056869631063395,-0.07433156020109033,0.0026518133494857917,-0.03331493474507332,-0.024036589970424224,0.009362897772334598,-0.03541994880732994,-0.10892405217889858,-0.04931835701294126,-0.031655516501705706,-0.10298232409504045,0.09958450896081006,-0.08751104529242733,-0.040571038373145,0.011437816197106295,-0.04823242734897098,-0.02544820414665244,0.03458382464577178,-0.04741613581422957,-0.19576991589626386,0.036320212399002565,-0.03352099330512471,-0.03846825796062892,0.029060867815763346,-0.061762272930071874,0.008455382318407636,0.019896514542846272,-0.04424165696237771,-0.03448646019270104,0.02910447707854075,-0.0538862401467111,-0.21358804949734256,0.08310368888320634,-0.028805826813393366
-0.03408244683317928,-0.027600536355357044,-0.0646333208953796,-0.04270592254465087,-0.04856973387298874,0.009356937964904367,-0.014633357965784896,-0.034442159466553615,-0.0771017988229394,-0.023919287608614708,-0.04747984312280731,-0.06108728387997039,-0.0874450829259105,0.03734879701865583,-0.016659903493926025,-0.07496500180877302,0.0003665475730774846,-0.0390441329931391,-0.028154598670252023,0.017487291668980623,-0.04097991672194363,-0.11029143837150782,-0.049354704947247335,-0.035186115330741966,-0.10826940217622065,0.10634252415107702,-0.08665195014543911,-0.042994951422312314,0.0031474560468445927,-0.0468425678791653,-0.033175860938035706,0.0299434784897338,-0.04070097419869678,-0.20169570584730218,0.034611646863411775,-0.04004569619476401,-0.039887899122198,0.030533914498239452,-0.06499794366953553,0.011135059558135414,0.021222073459312246,-0.04747238544657183,-0.03885301818291084,0.026446993324990016,-0.05732468631434699,-0.2132244498213256,0.08976458804008862,-0.03728413137578339
-0.02277389224760165,-0.03536610170029421,-0.072989529626427,-0.04286735792907425,-0.0485420271184146,0.010559288755424895,-0.01965184491155123,-0.026912222152307288,-0.07215377969898157,-0.02956945835853257,-0.05281962340192273,-0.05673447163266812,-0.08725318416357111,0.0309997335225701,-0.01978627729814667,-0.07091879626307397,0.011784779231956205,-0.03473033962071977,-0.023078202266282325,0.01226282408559002,-0.033627950836159756,-0.11715831857747053,-0.05041640997485415,-0.02079895831328971,-0.10999652332667063,0.09747898184048268,-0.09096572281499303,-0.046014330985510755,0.013190903510474195,-0.04646805133946064,-0.03396462808120198,0.02880639390974327,-0.04389623860489303,-0.20241061995484436,0.038550988256917995,-0.035567594714848876,-0.03484780345359544,0.02591583448173768,-0.0678913283885264,0.006427460884211686,0.02112220478764834,-0.05011478244176466,-0.039422746617297215,0.02816666456064379,-0.06340173129174827,-0.21645854062078987,0.09309595139277525,-0.04006553930405013
-0.029976531847714132,-0.022679496897361765,-0.07427574340337509,-0.04749158410112126,-0.05348580347395172,0.015421054161188372,-0.015165516461220878,-0.01846752945358633,-0.07348891315268233,-0.029207472677981794,-0.05988344825049944,-0.059042133043563975,-0.0833893487455276,0.03356759026570902,-0.021185097699559622,-0.0766157693178131,0.00030144791889474875,-0.040328147541138816,-0.018713044814288416,0.01272542673191393,-0.03603354356038903,-0.1107993647562971,-0.04968844032969881,-0.024816555644533854,-0.10670789004698007,0.09950216661894212,-0.08629562234041652,-0.04419186960625807,0.010110060716215738,-0.053920953282632994,-0.029298367769251467,0.029478204684407275,-0.039323427174308076,-0.19827164304672767,0.030624613969106693,-0.0395188189770275,-0.03521276340062108,0.023229165522096588,-0.05962874359754416,0.003315136854008949,0.02391180685443215,-0.051609965855703197,-0.03332903786661162,0.026316358701213943,-0.05248554717241591,-0.21649327503977348,0.08556395640198908,-0.039078619640706455
-0.028105052901507173,-0.029496550626098243,-0.07660444128030634,-0.038570452334311604,-0.04868672407756876,0.008774524739587864,-0.01664226045570667,-0.028373775813731825,-0.07748440320510049,-0.027084866202530627,-0.04925209001480411,-0.06212258939901485,-0.0831034507412942,0.03868858448083024,-0.023058206072247178,-0.07487420773104135,0.006097570066804207,-0.03712057271146036,-0.02096203011819036,0.01197612559512816,-0.040119685939656306,-0.10876238006934708,-0.04756752605310018,-0.028535717321036103,-0.1033127057477912,0.09490087514716525,-0.08533077748408188,-0.04478401708860016,0.008387958640017238,-0.05196274824594865,-0.02727241489987244,0.03758586090560517,-0.045323108332943104,-0.2015452582942856,0.040292059040522556,-0.041366657339181365,-0.03959667090580444,0.0262976312260597,-0.0657935455664403,0.00895478008458047,0.021263982347454587,-0.04597891245098874,-0.034709579525468014,0.02564771351155877,-0.06488008583369384,-0.21155307752334573,0.08521531726295471,-0.03705861649415764
-0.035596142928051674,-0.0316433091447741,-0.07386275730139534,-0.04144646179226848,-0.05363259431363132,0.015741971567499378,-0.01946730234128432,-0.03292361992727421,-0.07333678764848249,-0.0317113636573708,-0.0527916955422059,-0.06446963836083117,-0.08361866862280116,0.03533344715151891,-0.018557356454255894,-0.06894847947082017,0.007915370245824857,-0.03611798432466956,-0.022143451105861623,0.017581900953786797,-0.04538432677435196,-0.11178580213691873,-0.05528007544184796,-0.023791039769399665,-0.10732941172264736,0.10473582626725254,-0.09835940396142157,-0.04240271542094241,0.004868246139344721,-0.04880091867536852,-0.032075210814048995,0.03125454603153587,-0.039455056119242306,-0.20087522729810003,0.03658975535609532,-0.034150509413156005,-0.03673846345753092,0.02612042360326241,-0.0622821572439469,0.010788132251927922,0.021038482116302045,-0.05310206574830056,-0.03675148283626302,0.03072233054072816,-0.05905049764322213,-0.20666772180490534,0.08476537627180411,-0.033839705475895876
-0.030004029368465458,-0.026233222934594132,-0.07439341859123848,-0.04445291725136962,-0.05199689179399185,0.0076896801250529315,-0.01248618828707588,-0.028240950140124486,-0.07714894903760301,-0.027148261668283862,-0.05633014121908364,-0.06166733785289836,-0.08581370499322258,0.0391198085185323,-0.0142623045454242,-0.0744288802673762,0.0040459868992949125,-0.03949381993014856,-0.022232800269876982,0.014140505551520074,-0.0424197229329712,-0.11531337002621245,-0.051721462592797876,-0.033331684638285695,-0.10840293106918422,0.10179836748527032,-0.08678590547223781,-0.04999759671627088,0.008518916868641166,-0.05134627185124375,-0.025836018851555797,0.029660629888596638,-0.04392967379565085,-0.20122478663460538,0.0366552900914467,-0.031854215475601716,-0.039650010511755374,0.02769851897771359,-0.0662299908529472,0.00622018885059074,0.01828905537659378,-0.04969687948015696,-0.03693959500072061,0.029308994734293884,-0.05842557519096234,-0.2098514871029345,0.09416892814706482,-0.03789025609287605
-0.03209775105718827,-0.025376774815209495,-0.06777838530514657,-0.03873220577787155,-0.04865902116626885,0.0099771058988029,-0.015580435386193376,-0.034960871592694925,-0.07153487999722412,-0.03124097879337262,-0.0545928180606416,-0.05666314110409769,-0.0835431630851571,0.044513734507065965,-0.017549113819739448,-0.07183455456286855,0.00958686285333592,-0.03941457784797696,-0.025609878689944694,0.014878310771469786,-0.0373050391804878,-0.11915043229793022,-0.05418242574157383,-0.024051464702424783,-0.10962708115901239,0.09994729993573284,-0.09439492402267231,-0.047352022251067404,0.015188127432027559,-0.053866143114235134,-0.02742281399604332,0.03436104962648324,-0.04365024992692957,-0.2002138973124534,0.03479325021682015,-0.02699515997395112,-0.038636740278803455,0.03188079054730188,-0.06159074933127911,0.009455463829474242,0.022631525293157796,-0.047717248428622475,-0.041383357910024586,0.023308774766537067,-0.05198356086272234,-0.2083102005894937,0.08638235578120186,-0.03463029329145925
-0.031943229353629005,-0.028298546856635156,-0.0723535317361703,-0.04906951972354642,-0.04836647172183999,0.01143095453821579,-0.019703945256401716,-0.03305333655702148,-0.07194524656476019,-0.030926915645470066,-0.04927575645047205,-0.05875465605270913,-0.08337052974171537,0.035862891517385406,-0.02093356619329337,-0.07452649334808784,0.008465960609657342,-0.030353301476594433,-0.025362750775190162,0.014927784148475303,-0.03955440175943131,-0.10437898949620736,-0.04891694233690151,-0.030142289995781904,-0.10273230097148933,0.09080590709501986,-0.09363067784016092,-0.04391131159413465,0.009890698614588226,-0.04861581636294474,-0.024875863497007312,0.03402135059757864,-0.04240711313502522,-0.19881473974409866,0.0345306001306222,-0.03618194180426831,-0.03665633685595605,0.027489040153261195,-0.06483177022315936,0.01549665966934222,0.021138206511276056,-0.05046037144620006,-0.03992126670529106,0.026615590054252323,-0.06065526246244279,-0.21675517176839693,0.08506632591395755,-0.0330728933116727
-0.022624026221789786,-0.033121583054258295,-0.07629193483137195,-0.03779445398310625,-0.053665153823389586,0.018760013004976553,-0.014587209281065737,-0.0303525639302959,-0.07724538825301988,-0.029819233565216086,-0.05105823313633407,-0.05511602506940214,-0.07956229655014876,0.03154561612360218,-0.023089046674079114,-0.07297571650691562,0.009925062013767019,-0.03525550685796691,-0.02249844866770471,0.01579840306402767,-0.04108910473634653,-0.1129913383163083,-0.053566734843268085,-0.024202747701267277,-0.11016382195364464,0.10182132476509147,-0.08734560789468598,-0.04121071820694105,0.008059740394801035,-0.04638130275203938,-0.029784001272530475,0.028514980558381017,-0.04446829375335785,-0.20614392991314534,0.0330843281488033,-0.03351056999093723,-0.0428408100308467,0.02795661649853591,-0.06447184230498473,0.009393341632655585,0.020983680246889003,-0.05466181523525122,-0.03841247516180092,0.02600708241753868,-0.049756999932534324,-0.20336397774338474,0.0905343553924683,-0.032967332549935745
-0.02801286656732087,-0.029180588841534735,-0.07883034292203991,-0.040961311252209656,-0.05028752317740922,0.011691794361802036,-0.01358961289144165,-0.025742140469755023,-0.08295806870436337,-0.031961069973212,-0.05102971502724313,-0.06285251610647934,-0.0801267932719558,0.037112865493789955,-0.016390272693299873,-0.07585547237146999,0.004469349649936523,-0.03429961388478275,-0.022831497865136215,0.012311536652897354,-0.03587659929723944,-0.11229359793532565,-0.04980819982026214,-0.0257543021896547,-0.10820151475578778,0.10193085035301111,-0.08911353572692803,-0.042356608179468125,0.006524111506606389,-0.0486935166964899,-0.026955793407461025,0.034622825425022694,-0.04657520976792586,-0.19875938795069312,0.032387843733466724,-0.0478296240915003,-0.039940640706818104,0.03193576163989673,-0.06543461616792448,0.010156723719172577,0.022319448605050217,-0.0574199963719931,-0.035587445676388774,0.02792978037610997,-0.05765014114287458,-0.21146225614857775,0.08688115978000743,-0.03917937605292863
-0.029530685960197065,-0.022873322488528348,-0.08546907389760873,-0.04031435464283307,-0.05211353969369286,0.007102816922019983,-0.025267201964991277,-0.033968264741416565,-0.06393898944655743,-0.027159112979447918,-0.04571538098846591,-0.061652869313003095,-0.08735843292644113,0.033028256255542024,-0.018348271205668603,-0.07281528962368777,0.007958433485292123,-0.036588963232480134,-0.023013190967700378,0.017405534571544378,-0.03750812229348114,-0.10892405217889858,-0.04931835701294126,-0.031655516501705706,-0.10355159553368455,0.09697923085613605,-0.08176587566891572,-0.04569421002366352,0.004978009462519391,-0.049080575820900835,-0.031654490312864714,0.026769379150822108,-0.04083930439456555,-0.19472045373381633,0.036123770457240884,-0.04041500432181916,-0.0383060928833309,0.03179994869007548,-0.06685549461291489,0.007948329189985845,0.023794504008555272,-0.05562491396381563,-0.035995926543097474,0.03041597632961851,-0.05360129937268506,-0.213311081057135,0.08213481901717518,-0.03509141587797589
-0.0226970661221473,-0.022958323993269327,-0.07271789132367959,-0.040477302327695974,-0.0452255852154838,0.007422391738583972,-0.021288385668077222,-0.030814448407586265,-0.07496752057792123,-0.031998095665980386,-0.04926112658469634,-0.06262434627396647,-0.0849458560485071,0.0409756648602125,-0.02257691774157445,-0.06956624251142693,-0.0014882117719924282,-0.037558159215528415,-0.025282539853868236,0.009823773243782237,-0.036802192433600306,-0.10981796681348832,-0.05319589816022102,-0.026225675008319065,-0.10650121091789823,0.09294591817381516,-0.09115897935144344,-0.044738495714886396,0.01004411089338862,-0.051853887903127935,-0.02926410176581933,0.03352469903408152,-0.04893231414073428,-0.20186227557399747,0.03274043319390554,-0.03883848696266007,-0.03966241168914269,0.026314133981320414,-0.06474145367131542,0.01331568608638933,0.021180148180586073,-0.048966205111642264,-0.03769581547234604,0.030315741473018142,-0.052691819154709475,-0.20657663347350133,0.08643157046249296,-0.035960341868656924
-0.029806490444897447,-0.02382342679050487,-0.07878705144340813,-0.03856878147871856,-0.0521161301129277,0.009214785402594317,-0.01808530862741925,-0.03119853629920446,-0.06906351095005715,-0.02747298477185971,-0.05103336152538404,-0.05957875283348532,-0.08521265801316863,0.03815064132409558,-0.020452291255125214,-0.06846151487243808,0.0020188985225531265,-0.040097694564891644,-0.02739052753215009,0.01693364284138022,-0.03510198841767033,-0.11232611741565629,-0.05147870800372261,-0.03145987510152298,-0.11078316678519243,0.10704967107204012,-0.0994216130013314,-0.036871594276087646,0.006425016473243047,-0.05034318974740318,-0.02986231562398919,0.033876715652108674,-0.0369622822269151,-0.19778359645570778,0.03814217487397115,-0.04318554544259897,-0.03540543783256333,0.028835643557691002,-0.06142621940211405,0.008009568450359278,0.02544199821603054,-0.048677902040057876,-0.04203501601844116,0.029005091801447575,-0.05569722317281011,-0.20652393346502187,0.08653121160668015,-0.03716185405905548
-0.0280330710524215,-0.025787215241580203,-0.07761210553334684,-0.04254575628258229,-0.05374209167804921,0.008821903424380124,-0.017591617880568015,-0.028893074617629227,-0.07191654104883831,-0.030889891887932685,-0.051044025200341014,-0.05898386636342434,-0.08382916228761494,0.039393017587557526,-0.01567840774548224,-0.07471428064193415,0.004130656380938305,-0.038454899205953144,-0.025063768740376892,0.011572845565562147,-0.03996882957804208,-0.11569277099727676,-0.05197154959480645,-0.02555522003972977,-0.107729518108102,0.09778170682627339,-0.0962342903995533,-0.03979112872893432,0.009628197252719472,-0.04510298920462664,-0.028929770982398063,0.03439997414869684,-0.042809812117667725,-0.1931734901694696,0.03225975459208379,-0.03895605788109203,-0.04127838613773422,0.02783585911875876,-0.06482464961901556,0.008631912159611965,0.019648002379010078,-0.05190559020674804,-0.03916652757471415,0.02631115976706032,-0.0552050044810011,-0.2083244548409693,0.0878493410395666,-0.034347791739381836
-0.028138147927302282,-0.02787911290446515,-0.07543887709447887,-0.03889393857551938,-0.04863131446771098,0.011179566298005258,-0.02751594146938924,-0.0310166811544556,-0.07547559650208759,-0.027371707388220076,-0.04572214781893368,-0.06026483027103887,-0.08010776134150123,0.03940952305795063,-0.016137375979494696,-0.07088185712491038,0.007936903723187243,-0.036353359363129785,-0.028457778930818682,0.014017478515636957,-0.035776504447468035,-0.11363077752285626,-0.04817169678720248,-0.02358358136300782,-0.10786700803314495,0.106609662193403,-0.09130612171038825,-0.04382112860261594,0.0033000130470084237,-0.05008124826007208,-0.02734784588384027,0.0359733139238252,-0.044486820714827555,-0.1945356018834081,0.034187219291538784,-0.04151308180225599,-0.03412539859475886,0.027394249677021178,-0.05607064326572716,0.004423546916798987,0.02091572562767373,-0.05628886630687319,-0.040418584418766015,0.025064327300646807,-0.05790884194346431,-0.21503518869984872,0.08658195218831946,-0.03411873242325151
-0.028394640808442926,-0.03221876575457906,-0.06998299752674439,-0.0489109603239937,-0.0501094024822927,0.010454413469300346,-0.018957694845059624,-0.0285700453750956,-0.07626027044276132,-0.03548165629950992,-0.056351781705094806,-0.06153797003174999,-0.08299823724602651,0.03665753670114482,-0.02449869682677909,-0.07417831336370583,0.007810746742543192,-0.03890392465532528,-0.02545978401020891,0.013201313530070435,-0.03751262457222699,-0.11032694599405196,-0.05102209199081811,-0.040901630996907294,-0.10629912761089781,0.0930764223053971,-0.09348880037763518,-0.040070618561035595,0.00984741392097119,-0.05040672241066777,-0.030281134832581574,0.03452608614510305,-0.04294439138859837,-0.19661540062708516,0.040054306791968385,-0.039580525477984185,-0.03512189647706262,0.03015677584148911,-0.0671400491897081,0.011658958117165654,0.02115765758417197,-0.04950740898642031,-0.03687467874783508,0.02534036349229103,-0.06078848261014082,-0.20686883780615511,0.08886727409129262,-0.029389472225223295
-0.02456342309850804,-0.028250002872965013,-0.07296209876970859,-0.04367345253354741,-0.0466888204141067,0.0163471627553311,-0.01436338979854353,-0.02723490840032439,-0.06608597455447615,-0.02850608916460835,-0.052787290683264806,-0.06368020605381931,-0.08023207646831414,0.039144208704093957,-0.014949715983727711,-0.06824157578286147,0.002506444829086572,-0.03362698888567041,-0.024453887138016786,0.012695403377681134,-0.03388359437326509,-0.1085713068726393,-0.04744253363625699,-0.03242392771057903,-0.11064739359089985,0.1115942024763956,-0.0992929231565925,-0.04884378074772504,0.009802116807926182,-0.04269443712795921,-0.03040138972155163,0.028167217003552316,-0.040568904532211146,-0.19283375210561027,0.03409760768920982,-0.04130611130846691,-0.03875380969942756,0.03329922478297153,-0.060978525943836445,0.013138436296408519,0.02142795750801716,-0.04130455745498514,-0.047677382722323344,0.023090245196724018,-0.051527724983561646,-0.2131678625322728,0.08389871073672299,-0.038414025706174366
-0.02632917878039489,-0.03145538527904375,-0.0754094462734613,-0.04286842070290911,-0.051971621822966704,0.011004066184688887,-0.01596736408542303,-0.027040916464898195,-0.06903578984137557,-0.02861763051436384,-0.04748230531881433,-0.06298265790161117,-0.0855166118640449,0.030739986179257172,-0.018828675331959536,-0.07005260692322994,0.004407297206380297,-0.03357979902481244,-0.02159547167932742,0.013562100480412084,-0.03541674020302575,-0.11868041218786446,-0.05221407588810922,-0.02742858667766408,-0.11368548390079604,0.10186687612009666,-0.08846614800557036,-0.04464010395816947,0.013103469808268788,-0.045297924770219024,-0.033203256008129775,0.03307912581699738,-0.04140194609971796,-0.1948855810248642,0.03425281165202976,-0.03921384524149257,-0.03821905661704088,0.027610278186910423,-0.06447847597514551,0.011615664390252165,0.01807782840275881,-0.05674406433951727,-0.03768842800305309,0.02365522820024184,-0.055921542941624644,-0.20988601672163926,0.08663183599248277,-0.03690458248473332
-0.029930615337592625,-0.022521177442273523,-0.07538882299762653,-0.04493597910054301,-0.050198478033483894,0.01107336286076758,-0.014670673814759493,-0.03349597091420453,-0.0644816489479479,-0.026897989235742575,-0.058091304253842825,-0.0632904913014399,-0.08351340477251323,0.0333031161162925,-0.019996844890461773,-0.07372499675537475,-0.0013650031160254042,-0.03701501822252571,-0.023322192929349533,0.011210380482524044,-0.04308615270602877,-0.11465184608191795,-0.04632501688606174,-0.027892734060764975,-0.10560834141081075,0.11361989964658804,-0.0940174554274661,-0.035355790622273314,0.011307229095091513,-0.04885509814447947,-0.030333170705563964,0.029778326585249825,-0.04140690901093804,-0.20206904726559344,0.04038992995980111,-0.03792171222054613,-0.03668869665100711,0.030277239800122764,-0.06677677365310623,0.012706949980204357,0.021028810952816116,-0.05357831977109421,-0.033118178184912056,0.02242327315808325,-0.05590447249687642,-0.21014909833333484,0.08613374637663739,-0.030898867879942688
-0.022754253677486364,-0.024889592540701246,-0.07164390475232552,-0.03905497991406129,-0.050318137854728134,0.012601995276006616,-0.017828864868372075,-0.02902284651167992,-0.07052495114119796,-0.02918127627428245,-0.05103875169079119,-0.05928116210714621,-0.07950514441557728,0.03843899482042252,-0.02233067241157956,-0.0722356457388586,0.000665970972243404,-0.03440195726624085,-0.027142960348419332,0.01698372558319818,-0.03735112370006774,-0.11099012955381277,-0.049813255909951976,-0.02093040111335362,-0.10062653250031971,0.10666365897005346,-0.09137667600700468,-0.042629822145976715,0.006491388447814256,-0.047660532071443266,-0.028142765051082735,0.031699110149174176,-0.046985210318719,-0.1984738483453284,0.036368860527021284,-0.03853496514755237,-0.03958417474322994,0.027682099021852938,-0.06728243134879419,0.01179533856246617,0.023773759273742423,-0.05658544369919975,-0.042323317330505886,0.030217715390838274,-0.05314310918886286,-0.21641261455523697,0.08273186574589282,-0.04084367072396645
-0.024436159653560115,-0.022611892593070417,-0.07505693331949238,-0.043351540206871625,-0.04845888413114437,0.0141656165669104,-0.023812007435855327,-0.02704308073365511,-0.07248933169520279,-0.025909360755375258,-0.05452353408847684,-0.06977698865488427,-0.08332156654804314,0.026946177783921162,-0.023126615496858433,-0.07360768585278094,0.007641540089916748,-0.040983212408174395,-0.023983291001137056,0.0144971807065288,-0.03929953658459685,-0.11086293530072838,-0.04973006583755084,-0.023521023506798147,-0.1061682686740426,0.09762396599603612,-0.09335032394667701,-0.04125707888583674,0.00640387476355027,-0.046488588455432946,-0.030125736427012245,0.03461335143697037,-0.04391922342842411,-0.20208415816760042,0.04419896934573082,-0.03803636152091176,-0.03805710429871707,0.03034874364655223,-0.06957271522683127,0.013541685202062118,0.02401042230751011,-0.04939955062000877,-0.03966457433081043,0.024760759447521055,-0.052459591985585974,-0.2150492475449367,0.08804789912358019,-0.033836147867565884
-0.026458448993577553,-0.03709162524074932,-0.07332534850328859,-0.04112301516037288,-0.04683033456972448,0.012452058109377655,-0.01778998512848739,-0.02493008121684428,-0.0706639085109092,-0.029468003584817267,-0.04750896625048029,-0.057430210560314755,-0.08194953222584309,0.04169696270786421,-0.015655006381682424,-0.06951957552571901,0.008084441106148173,-0.03403978486277065,-0.028435135454986698,0.019135605531002405,-0.03964462055017261,-0.11315491001961024,-0.0462080815570158,-0.026949614596880212,-0.11098769285478235,0.0935556482692077,-0.10213017339007563,-0.044738495714886396,0.01004411089338862,-0.051853887903127935,-0.0300020685905912,0.030654295992417258,-0.0352885608902208,-0.20458599516977458,0.036597488918335704,-0.04397060252389146,-0.03954407862495717,0.0318387733510533,-0.07175429428151228,0.008931144577247238,0.02269592618054646,-0.04568190590717907,-0.040207244209800444,0.02782704610318219,-0.05810088151908624,-0.20680184641922436,0.08750001841932753,-0.030873097389548913
-0.02993940994322997,-0.029469885083425164,-0.07673412041665534,-0.03889130076162209,-0.05548887005855196,0.012061993037959455,-0.014824518465680376,-0.03048236286859019,-0.07585325920408599,-0.029005756447480747,-0.04926401992518039,-0.06043817048427681,-0.08920036015335331,0.03531442984711472,-0.017869317892842407,-0.06960492330359182,0.002357411093058883,-0.035944958675929665,-0.02129929202959097,0.008488882318191907,-0.034904740714048636,-0.10876238006934708,-0.04756752605310018,-0.028535717321036103,-0.10915606455380762,0.09579858776263213,-0.10151501748146048,-0.04175731494072429,0.00799413222764167,-0.04431550695994914,-0.03134785860723285,0.03078034229464161,-0.03542287485547779,-0.1981151261003104,0.03439935181775865,-0.04077848559957537,-0.036672586171559614,0.026103897111877803,-0.06333408375032691,0.009979847996693983,0.022567119445410695,-0.04975287885172485,-0.04104435229181142,0.02479233855495996,-0.053669642478252184,-0.21490599717889744,0.0898136600018588,-0.037156455360002116
-0.024436491002779566,-0.02955001293792447,-0.07634576312871054,-0.040961393383707904,-0.04857281981046628,0.011470649775445142,-0.015536224335337231,-0.030871632946856253,-0.07167777357270483,-0.03228443643198059,-0.04573020781778012,-0.06077929705420124,-0.09114755843335766,0.039624414245698646,-0.015954722172524905,-0.06783266075682423,0.004302028720228518,-0.03437856660691271,-0.023814442470077708,0.011113723096163855,-0.038587283726902004,-0.11086293530072838,-0.04973006583755084,-0.023521023506798147,-0.10514790606234077,0.09934536952433971,-0.08341188720870119,-0.04642293934740381,0.0081908879034041,-0.04576413294885538,-0.029085257234116875,0.034312735401343886,-0.04183504546275331,-0.19748899213219415,0.04021738568331655,-0.03383861704375142,-0.036722309127114536,0.027505483845245756,-0.06377949511605728,0.012425408639911496,0.02249265516434643,-0.05226714382041821,-0.04315663283842857,0.027180905046306936,-0.04871540423738155,-0.21683563999018465,0.08789756120544814,-0.03130744654572801
-0.026476598547704955,-0.026763927692318747,-0.0708125938035069,-0.040961311252209656,-0.05028752317740922,0.011691794361802036,-0.008927273485583167,-0.020326649708101337,-0.07292548972957692,-0.025089502495082776,-0.052775957463413695,-0.06428127171697855,-0.09122098103100557,0.030463997809368305,-0.016950967711943574,-0.07109279985981563,0.0003272197090364214,-0.03855356154991306,-0.02346725695612664,0.012890770970354829,-0.042880440621643784,-0.11868041218786446,-0.05221407588810922,-0.02742858667766408,-0.10979497710599595,0.09761043594335234,-0.09329479694369165,-0.04029752208708516,0.011470851152780213,-0.04926581844705961,-0.03043650838023612,0.03443883245240438,-0.04196963068468821,-0.20374855879299067,0.034767096030773846,-0.03795681846304224,-0.040883781034480836,0.02773741059196656,-0.07113978876033218,0.015266660195566877,0.01830885299856821,-0.05002232163543851,-0.037725673581685486,0.028969990799414556,-0.053126635588226494,-0.2133537062948943,0.08653236229158677,-0.03424616462089062
-0.03385297540404174,-0.031984772435772045,-0.07150436597871582,-0.03889188570493599,-0.053774707687172234,0.01184081971078126,-0.017177692775280057,-0.03477102180583379,-0.07448790856563824,-0.030677273323542774,-0.05103752479791342,-0.06037242853574473,-0.08487825646616949,0.03435554021949959,-0.024519701108949472,-0.0669880019642551,0.011171037985086533,-0.0417791292746461,-0.019753002894201895,0.01836615228532498,-0.042425228304769115,-0.11093107899916581,-0.05306692089735514,-0.034939831899520796,-0.10347696247222742,0.1093842628641504,-0.09941435851520522,-0.04153683192013052,0.00662231895657635,-0.05179296000953707,-0.031076296405282214,0.03722626439599156,-0.038769786873135016,-0.19613783655698042,0.04019255228324252,-0.0313300609948763,-0.037757539171709466,0.0274952075194794,-0.07184642687237444,0.015712762327472953,0.025398677463298748,-0.05060847335360223,-0.03671784600000394,0.025408270138299747,-0.06184876735525996,-0.21650735398668594,0.08702993437656345,-0.038796270194659074
-0.033746536765021075,-0.01953672579919028,-0.0710227395222817,-0.04238330693694211,-0.05034025353503936,0.007173926049689054,-0.011808682084051978,-0.02690993989555448,-0.06870176917510588,-0.02865466696148293,-0.04571368448379101,-0.06274941061514892,-0.08721604774373846,0.03558522054250004,-0.0192860206060269,-0.07088185712491038,0.007936903723187243,-0.036353359363129785,-0.025883887175980076,0.01653043849553065,-0.03597240448082166,-0.11347088487246457,-0.04971984742318704,-0.0331721688944924,-0.11839495876662467,0.10452851045030448,-0.09591907118629941,-0.043865606554305145,0.011546746859033043,-0.0485069684473103,-0.02993242354317258,0.03226536448004396,-0.03612556314345917,-0.19713067334454787,0.038248272007946886,-0.03608150891333554,-0.033642256564456754,0.028665462243583927,-0.06494195762634437,0.010242064423426133,0.02253491466140273,-0.05077080202639816,-0.03835329912013813,0.027997131723473127,-0.06007056014533551,-0.21325857160093403,0.08223409727816322,-0.03629265424156911
-0.03179102625502477,-0.0260467076376549,-0.07562677701967584,-0.04302877266758551,-0.048514316576582485,0.011761518785932741,-0.016704393393517626,-0.03451159782616044,-0.07727161825795965,-0.03491805245561243,-0.05279573329394003,-0.06525961708922462,-0.08585105458378958,0.03453382057838347,-0.014764125275972036,-0.07499964003962248,0.004215327396824163,-0.03741601823931886,-0.021967787546216908,0.012482204786417171,-0.043749848129003184,-0.1129913383163083,-0.053566734843268085,-0.024202747701267277,-0.11149197015923105,0.09322942807468862,-0.0963026276152687,-0.03915829834606358,0.0031023847079035874,-0.04862773477341562,-0.029791744833041013,0.03548834950861138,-0.0377987181405886,-0.19794021905815384,0.03436654773227562,-0.0419279499734176,-0.03802132833124891,0.02756097860943066,-0.06763567334701832,0.009131419206595643,0.021015905287104644,-0.05364388843484904,-0.037785343442640194,0.02627857811385808,-0.053995014757941336,-0.2170593241862149,0.08896394297800818,-0.02622295970691513
-0.02467917589840103,-0.032111994349391576,-0.0708231646804965,-0.03905435877430779,-0.05203252071000744,0.012822462376278067,-0.011084125260335528,-0.03974050660931717,-0.061142213468843194,-0.026935508631899592,-0.05632375378624156,-0.0630576421566811,-0.0814525772202173,0.042759466775540274,-0.020406114218888514,-0.07928305537361004,0.00958984324611295,-0.04139176365850765,-0.024152787904301233,0.008336840135536878,-0.0460050363337915,-0.11048177785524937,-0.04948000807392397,-0.03129642574334674,-0.10453448868540921,0.09304691371088133,-0.0929400177992934,-0.04449614613345553,0.007917634752059859,-0.040323410483246974,-0.02959219669669506,0.026169812231807386,-0.036673107657010325,-0.2007166081394719,0.04036501490811781,-0.035412428929991996,-0.03667123850531608,0.031663935513016446,-0.0682767143180448,0.009894459861362325,0.022351666590716968,-0.05640159577427553,-0.037441480446712305,0.02775994385401214,-0.05568045456058699,-0.21000092416131813,0.08193419790507081,-0.03414581576145636
-0.03208101052925101,-0.02877278304519425,-0.06901857227693757,-0.0406382252016367,-0.048628233263598296,0.009065838585722257,-0.0173742942767057,-0.030809354450959548,-0.07323801972750331,-0.027010331420014515,-0.052788214280729315,-0.06259084701357417,-0.08721604774373846,0.03558522054250004,-0.0192860206060269,-0.07294009330585947,0.0060765038436439486,-0.03688238024495135,-0.029747975972076256,0.01616962404047066,-0.03807135907189944,-0.11439024470166842,-0.05527663938980651,-0.03343373147465935,-0.10596639069137015,0.09775558137696393,-0.09567980062353941,-0.04775152756546082,0.009933841530937956,-0.04682590413081949,-0.031389370285595956,0.033214688291784984,-0.04419152106763462,-0.19452552751003263,0.032283519812505004,-0.04146144767958182,-0.03833634649065644,0.02902819166384867,-0.06386702457473617,0.010965230936481185,0.026734604976836752,-0.05293873929565965,-0.03952457781923771,0.031494291481127486,-0.050288081997777075,-0.21148627668655706,0.08384839431515101,-0.038541924064622646
-0.028328913959816397,-0.02334247679815513,-0.06971201212772955,-0.037148870464826435,-0.05034874401142422,0.01351209133194075,-0.01930571109866775,-0.03593738413727529,-0.06196865245241057,-0.031535908120467346,-0.05101664710566226,-0.0656305922626169,-0.0831897003452288,0.043015246143254166,-0.021365240187574658,-0.07829905872118992,0.004087089841640118,-0.03997612437534817,-0.02108546405967352,0.011951792513108812,-0.03899493392200852,-0.11576684284811445,-0.046193724996686635,-0.03660884565813012,-0.10992918576828554,0.09306986094516329,-0.09342244134624186,-0.04395701893936717,0.008234748291894304,-0.04872438378741089,-0.02622713531461093,0.03414760637493463,-0.04254117299088115,-0.1954201009853832,0.036254718963376106,-0.03581847149733145,-0.040006696525840726,0.03195191677470941,-0.06438162573970793,0.00995743355308895,0.023999143379955897,-0.049456664895278855,-0.03168421002641286,0.02967903426976911,-0.06221666020473085,-0.21512600850313468,0.08491719335138331,-0.03199907085659165
-0.026433840555920005,-0.03354477387495118,-0.07323150827755502,-0.039058830714432995,-0.04174395831502645,0.011505326196545877,-0.012936686149390447,-0.02645622676289696,-0.0744358864876162,-0.027442782838955657,-0.05275450844600388,-0.07063081957512633,-0.08149061877223476,0.038165991622960894,-0.020911776064465103,-0.06693473792469527,0.00020324235918402585,-0.03910164915158136,-0.028030826843608775,0.01751240599807939,-0.04210490778117292,-0.10879709329358325,-0.049234743212710284,-0.03424881160490978,-0.11039953226283612,0.09721622421028535,-0.0863087752949136,-0.0455043176426043,0.0014499023037370933,-0.04399336567849212,-0.029503894225587093,0.03496252859612599,-0.047819264946882975,-0.2008833027729406,0.0384936396937929,-0.034207644479915,-0.03630915439087168,0.02879288283157265,-0.07159468250721399,0.014575517590176614,0.025313017643120397,-0.05318118880452895,-0.03713264747697851,0.034556145090196194,-0.054563355285315134,-0.21510497934578074,0.09391348065412067,-0.03270174271604756
-0.026267594153331627,-0.022581610467311435,-0.07516733650516971,-0.04525607648040762,-0.04671313979623919,0.013031142207590078,-0.024487358548977475,-0.021283416002627578,-0.06851509436973806,-0.027749122221406214,-0.05811649316899592,-0.057728934895800686,-0.08390421024502062,0.03021602728328586,-0.016683610146430636,-0.0717380415624889,0.008190586348157338,-0.03323573469139249,-0.023159032226834023,0.00883066779619701,-0.03066628340405144,-0.107175999169761,-0.049031058380268014,-0.035905770724811235,-0.10660705457746573,0.09956815801202876,-0.08745952413069175,-0.044412289497189665,0.01148066688129213,-0.046440484390730986,-0.028045160103346078,0.034012177616791574,-0.03975130217508608,-0.19047081520656858,0.03221231072973335,-0.033946464358514714,-0.03350979495894566,0.028632679300460602,-0.06704728748933356,0.00803429281514692,0.024009559490861643,-0.048976473919422135,-0.040363197041936506,0.027056376825282773,-0.06822914804762585,-0.2150593829000837,0.08355121230440847,-0.033481665435201334
-0.028223220201900136,-0.03336229183857985,-0.07448374354288566,-0.04319016676018463,-0.048486602247492405,0.01296362805642791,-0.021098953623752695,-0.03682758160058292,-0.07614966309790479,-0.0235944506458631,-0.05277670649764676,-0.06319208830542106,-0.08147161708241031,0.0404626631048029,-0.02065908838731624,-0.07598112835134313,0.0025873495562614354,-0.03459572343559126,-0.0242072762430029,0.012744212104812577,-0.03613223846526742,-0.11737629460508323,-0.05221747988154295,-0.02260551308048963,-0.10454243735484996,0.09974148451217585,-0.09039530140393938,-0.044086935611673775,0.0030174873000530025,-0.0427126021871528,-0.03408780458069697,0.03346675640895642,-0.04446122048557089,-0.19640310634808475,0.03240589864561093,-0.04051744921460441,-0.03667123850531608,0.031663935513016446,-0.0682767143180448,0.015789684910707223,0.018244409628103933,-0.05205656326126766,-0.03561667234162405,0.032541983474704904,-0.06603696439251888,-0.21192113142030183,0.08451889557265355,-0.028651644533902045
-0.030077489650028457,-0.029943894049138588,-0.07339723635878381,-0.03982894474726673,-0.05219709805265501,0.0034936741011878177,-0.01855913345773907,-0.03145788525085374,-0.06628125636127674,-0.02829342287001609,-0.052780770197300854,-0.06506993843006825,-0.08188214415227066,0.035074998034891676,-0.01759984132619033,-0.06339201366853488,0.004091633271122677,-0.03597613730600579,-0.02194967542367944,0.010775235064326002,-0.04282947399570938,-0.11223008692108237,-0.04976658303198191,-0.02704997091260021,-0.1100971752014915,0.09073520126931074,-0.09232056627863681,-0.04765781013127963,0.0033448790949701023,-0.04829681266405343,-0.02924071862792091,0.03422550825315957,-0.04086035014375449,-0.1952640514396758,0.04002946518042322,-0.03707120470790362,-0.03783830286029175,0.02612647638179062,-0.06929875969274363,0.013875388727419119,0.01825338716291648,-0.05158418273633612,-0.04086117972831282,0.0262078258102959,-0.0542957394330893,-0.21328704808179294,0.08516584841500756,-0.035729484680221205
-0.028092087672440976,-0.027721078367524226,-0.07655184251737562,-0.045093782381923554,-0.04502559320790398,0.011606599266901586,-0.017394278643277385,-0.032855161287861936,-0.07316735235726461,-0.03149875755042856,-0.05278521582398103,-0.06585915156453949,-0.08347576664284279,0.037893290923512575,-0.0194936824624847,-0.07306489853272329,0.0041947209973510185,-0.03717546600654134,-0.02046821660149332,0.012073513208267184,-0.0446196397937347,-0.11353428319229801,-0.0497615164351984,-0.03187592170431021,-0.11308722886829839,0.09559130410271502,-0.09795936495090517,-0.043410525508497375,0.008300436693701606,-0.05079077874273323,-0.026145946019502472,0.029486661082715727,-0.04197986194188795,-0.19472045373381633,0.036123770457240884,-0.04041500432181916,-0.04103625889115707,0.025002439727702917,-0.06606595992268692,0.0059038944311438505,0.021186652749336204,-0.048079629429410936,-0.040834396534746055,0.02755534489635558,-0.053861747433567926,-0.21331532313084878,0.08809831706765096,-0.035164688347363
-0.029746913313579832,-0.021887729808786546,-0.07984235220825632,-0.043029342368223755,-0.0502291078864276,0.011983767915847633,-0.015536224335337231,-0.030871632946856253,-0.07167777357270483,-0.026622294911008593,-0.05100701703727614,-0.06513582985299171,-0.08688178024000058,0.031791740650631777,-0.02335127370801452,-0.0770934886530408,0.006203297875559186,-0.03631969267009907,-0.025063768740376892,0.011572845565562147,-0.03996882957804208,-0.1099061912046163,-0.04580841286579143,-0.030245785936937587,-0.10986190455245641,0.10202000339593,-0.09083735173425736,-0.043722454078991335,0.006360560001968322,-0.043529409301102245,-0.02472303974191449,0.030971868020020457,-0.04268342555971741,-0.20120018152488556,0.030944765082945976,-0.03167997643799867,-0.039254833637941924,0.027599958185430144,-0.07254587350252095,0.007298416629125236,0.021241445846105128,-0.04652041614364671,-0.038939922537574105,0.023111661729882573,-0.04744538253142299,-0.2137496213282924,0.0887662309265207,-0.025276563042588476
-0.026187811929807295,-0.02404061247206416,-0.07744414405814713,-0.04477354436335414,-0.0485112259057401,0.0096478228771342,-0.01852036120716961,-0.03240454218059046,-0.07890445450907242,-0.031248904948843335,-0.05454720388616518,-0.06747743115994999,-0.08143349918565579,0.04505640263517304,-0.020152853559181925,-0.06994929835085917,-1.1507006291127008e-05,-0.04270580195456325,-0.02272749232452647,0.01404189920875617,-0.037920223671984964,-0.10723947611768134,-0.04907294510047539,-0.03460874422938766,-0.10823379836228592,0.09745286997152658,-0.09041110189260203,-0.04423023206484909,0.008201913659389043,-0.04769130866922655,-0.02993242354317258,0.03226536448004396,-0.03612556314345917,-0.19576991589626386,0.036320212399002565,-0.03352099330512471,-0.04109170435837216,0.026402558399200388,-0.06649753615057279,0.010830633694556847,0.02411744862823163,-0.04586496770722403,-0.04388965388044733,0.02883547235894014,-0.053728717242743515,-0.21009645725992862,0.08623334026106201,-0.03209977640901909
-0.030031466679448306,-0.029785908041880853,-0.07450940996137861,-0.046846480870155256,-0.05359764720338637,0.010612705481807028,-0.01596736408542303,-0.027040916464898195,-0.06903578984137557,-0.031961069973212,-0.05102971502724313,-0.06285251610647934,-0.08314120302193224,0.034096730018525916,-0.023561929727727127,-0.07084458701984603,0.00408948922214879,-0.03797376682780116,-0.017578315597033427,0.0078043185239050706,-0.043387103153548275,-0.12045434503490716,-0.05418025863552179,-0.028873598099434062,-0.11162574187114045,0.09536751733893856,-0.09391128637604805,-0.04646804439868667,0.00653545920927759,-0.04587333589030055,-0.029954730871029497,0.03156393083154416,-0.0441943453329527,-0.1981621130128433,0.03463783448218428,-0.029082270841831143,-0.041004257655196434,0.029154954445797465,-0.0705199391351139,0.006715917575647315,0.019657251889971687,-0.051431925383520066,-0.04427314715351649,0.024651259591199855,-0.05291149624074752,-0.2086648821949456,0.084219302206781,-0.026506112790664598
-0.033547347323553724,-0.02748027256275797,-0.07803920430194265,-0.03905565072725507,-0.04860360398189515,0.012381905937194938,-0.018322239516261416,-0.03132822133641384,-0.0676723085293819,-0.0303261778802427,-0.04748740696335898,-0.06268908687129221,-0.09267424181685073,0.03582983292137307,-0.019789074829491653,-0.06734367186319533,-0.0015921179321837598,-0.03834858638244469,-0.024966624831222518,0.013299211760080153,-0.042011417271656505,-0.11086293530072838,-0.04973006583755084,-0.023521023506798147,-0.11250000286072943,0.09257792878278764,-0.08465504067389101,-0.04555826692806407,0.009945234001139893,-0.048753901631254454,-0.031038448671257816,0.030954391886439482,-0.03737159116572976,-0.19542952516027798,0.03815833630865476,-0.03587071734729541,-0.03788945538650063,0.027528098538737635,-0.06974088481976412,0.009284565146563305,0.022200524139016027,-0.061016151593198606,-0.0444060061632201,0.025932596922749785,-0.05141857736899668,-0.21366893923868757,0.0859348301367976,-0.027041874299607017
-0.03362404540935058,-0.026018397304705378,-0.07574767501504297,-0.036664516415803816,-0.04871750532523733,0.009685692770063483,-0.01248618828707588,-0.028240950140124486,-0.07714894903760301,-0.02853640367936797,-0.051065887568776225,-0.05263679774924256,-0.08962647321906728,0.0276505369739603,-0.015053456152220054,-0.06964327312885595,0.006203494965840699,-0.0343291458585923,-0.026618681428712276,0.015383145888701478,-0.04093437311666794,-0.10866543726078846,-0.04585745573832938,-0.024122399098598667,-0.10610740377155874,0.10658988891750706,-0.0907413700240125,-0.04482209147262563,0.006480723948979258,-0.04573400163000573,-0.030092745212870618,0.02834107558262939,-0.04251845647095332,-0.19748899213219415,0.04021738568331655,-0.03383861704375142,-0.036145178453403,0.025971586643714045,-0.07175247102014727,0.010024827129019568,0.019703182582867605,-0.05034459007385399,-0.04229348164924225,0.023543628574947673,-0.0563728993499627,-0.21510169656259698,0.08794816247406177,-0.03263524497103014
-0.031299822330091265,-0.026083423867064342,-0.08793108479938078,-0.04209183167472502,-0.04837875342587833,0.019883684999075852,-0.011940241035265425,-0.037123156469681125,-0.0683397852265869,-0.028968628873432958,-0.05103222191412199,-0.06066993144774003,-0.08564050296086544,0.030476047432782212,-0.017640608098450566,-0.07091879626307397,0.011784779231956205,-0.03473033962071977,-0.0211764530638278,0.008512657967173617,-0.03602895903237534,-0.10847364944901337,-0.045732983019943836,-0.028008214399838065,-0.10082835134326125,0.10652984268054512,-0.08904938549686149,-0.04609694775598009,0.009627365981324113,-0.040352668674646985,-0.030178582520655594,0.029865338425474473,-0.04238169008093334,-0.20479719510574146,0.03496413076436161,-0.031067131974113215,-0.03827037452940412,0.02901184948217937,-0.0649195243645175,0.008559195048052536,0.0239451611903285,-0.051012855176607905,-0.04156444018146344,0.0292088916645786,-0.058876787984221565,-0.213406214180026,0.08643274355069136,-0.0330451565774912
-0.027979635635214304,-0.0307980318532583,-0.07999506449522946,-0.04128461699433822,-0.051946320719803506,0.014317842043341987,-0.023364130842273973,-0.030881867653942924,-0.075136675246647,-0.029218377410394885,-0.049270612934787204,-0.05904977868731941,-0.07642453806636533,0.03482835430398695,-0.01710646761551342,-0.07059638035864503,0.007852345916682144,-0.03739264710216445,-0.02481773747614503,0.01162127041856635,-0.04221825969852809,-0.11102282198563015,-0.051482771973311595,-0.026635514554974187,-0.10084089721375143,0.09533154597828697,-0.09293141489525078,-0.04029752208708516,0.011470851152780213,-0.04926581844705961,-0.029013294645542448,0.03592481100919875,-0.04267168521933687,-0.20156642613074158,0.03481733762193231,-0.029500172642349946,-0.044703360006352104,0.033694476272563695,-0.06475465990563417,0.008631912159611965,0.019648002379010078,-0.05190559020674804,-0.041017745225388695,0.026139863850580904,-0.05323611948731591,-0.21180576153433014,0.0892159831869998,-0.031406526428084884
-0.02619064932570007,-0.0309818990727751,-0.07874858870930819,-0.05145196119538321,-0.04482191974586465,0.013672198775526494,-0.015039236821934832,-0.0285670331187188,-0.07453229232607263,-0.031139510286655486,-0.04928230210509315,-0.057366666588031384,-0.08779792121278072,0.038846901947520385,-0.012847004090500201,-0.07648985492253023,0.0021839206758178862,-0.04003166826466166,-0.02476510500088313,0.008218413134295057,-0.04038152862459195,-0.11086293530072838,-0.04973006583755084,-0.023521023506798147,-0.10667284185233065,0.09729514713304863,-0.08752838332977618,-0.041717626414582896,0.009902018352426102,-0.050544500627469846,-0.03119316606820273,0.030867361290956224,-0.03639719734264598,-0.19578832686750988,0.04012730785083537,-0.03362612437006867,-0.03802132833124891,0.02756097860943066,-0.06763567334701832,0.008083891789837728,0.021144793047071144,-0.049572900987387813,-0.03845203766286308,0.030622193639440593,-0.05814073235209051,-0.21164391663776774,0.08355017220138013,-0.034937768193935265
-0.02435558766510017,-0.031007882786829324,-0.07861527584925775,-0.0447724988049016,-0.04679603253302357,0.009424945557146635,-0.017334397649358627,-0.026716942737410536,-0.07337813680190093,-0.02767407892837588,-0.06165064967038778,-0.058190515982637664,-0.08194953222584309,0.04169696270786421,-0.015655006381682424,-0.07528495846044125,0.004299999946952487,-0.0363771770302457,-0.020625262011845794,0.018188662804392172,-0.03454977348649723,-0.11528273200743346,-0.05004780888561447,-0.027630866726582753,-0.10487408525143965,0.09506000152617913,-0.08821004916924718,-0.04761295621201514,0.005000209603356624,-0.0481877739382915,-0.027987661513010943,0.031786253390166726,-0.047960394787878516,-0.2007004454511217,0.036556992784059356,-0.03529885343694244,-0.037523692523641336,0.024658753766459787,-0.07306617464589174,0.006025122232194294,0.023804840087125773,-0.055144981922655614,-0.03432901466187551,0.029172189650968763,-0.05494595476485362,-0.20961833744004077,0.08116259511876514,-0.04283819097266706
-0.03328677071842089,-0.028309166264571393,-0.08477951155878874,-0.03556702510574665,-0.05032373874919301,0.016826475817309623,-0.013248551525985256,-0.03271821901683675,-0.072829093692818,-0.029106857997858452,-0.05457459063248941,-0.05974283209321049,-0.08622270734672255,0.03374109049980986,-0.011201790442835221,-0.07874260111546666,0.006139691367352202,-0.03759764413714879,-0.019586064220848857,0.011543188297775946,-0.03986462592967511,-0.11378805368570442,-0.049927989338900684,-0.026692405883671003,-0.10976125150119635,0.10208625470213319,-0.09200146647033411,-0.041437739168296656,0.009682792401841217,-0.04524069402664133,-0.031213830507327355,0.030165556721074197,-0.044465743316393816,-0.1962280828256527,0.032373033864121985,-0.04166724571846533,-0.03974001324207879,0.024946876959416785,-0.062202123437856326,0.010747141585574427,0.017957702513051465,-0.060342842927341926,-0.037785343442640194,0.02627857811385808,-0.053995014757941336,-0.2133293851184505,0.0895648204623973,-0.034881680141617515
-0.03160733452250386,-0.02541363473891052,-0.08007732270770257,-0.04700778764676494,-0.053569691951914654,0.011814973791671382,-0.019974920555249694,-0.037275689044963624,-0.0704129781643107,-0.03331027801389942,-0.04753192297418141,-0.05407079681496439,-0.0855166118640449,0.030739986179257172,-0.018828675331959536,-0.0728508418719283,0.01180725331914245,-0.03496109558578957,-0.025760052943510362,0.016555434550780655,-0.03709702159573341,-0.11143618650240204,-0.05340229039659273,-0.02456574687352895,-0.11294477736434377,0.10680177093531991,-0.09533063018336779,-0.04495860631519949,0.0015146927328964922,-0.04605811411757864,-0.028607926517809433,0.03143775002120833,-0.04406008492673401,-0.20393089896109404,0.03670408509974167,-0.036868112358976524,-0.039214630506655725,0.024814137779304687,-0.07061772269240116,0.013577709650437735,0.021147944144002655,-0.04998377927413284,-0.04380619962545381,0.02556025909584443,-0.044912924456666094,-0.2102159385866827,0.08750042019013424,-0.02941570507616495
-0.029792844217112043,-0.022046117189128394,-0.0787287882805553,-0.03872996345596528,-0.053802659039353426,0.010638211423540564,-0.015514154862807314,-0.028826614604064806,-0.0717486115274053,-0.028931429297985457,-0.052800277712960336,-0.060901326793340135,-0.08526879600077973,0.03126805512619095,-0.021205136208949284,-0.07116729291430615,0.008021463063934812,-0.03531411138165622,-0.02274635857044367,0.015748564573632738,-0.03883919971992723,-0.11099012955381277,-0.049813255909951976,-0.02093040111335362,-0.10457094896787049,0.09525656154356313,-0.09170362362034282,-0.04098381670029781,0.00643658414261268,-0.04752150486265609,-0.03304838622812901,0.033166321050117055,-0.04237665413303759,-0.20323980952016993,0.03847758383966062,-0.04152121336151325,-0.0376833125682976,0.021923870837121773,-0.0679739025584701,0.007762139159730917,0.019528293025891333,-0.055502351530578795,-0.043756912158952964,0.027554110609591686,-0.05522278064428775,-0.21331532313084878,0.08809831706765096,-0.035164688347363
-0.02639681500611779,-0.028222545082605886,-0.07308759078072355,-0.0406382252016367,-0.048628233263598296,0.009065838585722257,-0.009876093604106913,-0.023827495205117184,-0.07991066702857036,-0.030501733907291807,-0.04926261119899748,-0.06153122047408332,-0.08149061877223476,0.038165991622960894,-0.020911776064465103,-0.06536772266556234,0.007956777452953706,-0.034609057874176605,-0.02346725695612664,0.012890770970354829,-0.042880440621643784,-0.10765681940670291,-0.05098904807471466,-0.032545220813480956,-0.10470021943528277,0.09070708310720142,-0.09184622198253475,-0.04514060051771191,0.004792675338656953,-0.04480969691439856,-0.02526450973173951,0.035371738535289826,-0.04031908032086124,-0.1929878476923606,0.03032351726842232,-0.04005531769369422,-0.035140939071957415,0.028770163463670388,-0.0656360528760565,0.009463724524894242,0.016686646475305697,-0.05555079604422525,-0.03587014909072682,0.029138932038186006,-0.05509586956590007,-0.21166783173475476,0.08051934732741017,-0.03429878113703923
-0.037048292626369314,-0.028572014773751337,-0.08281193059935309,-0.039701506125656934,-0.05192098848450225,0.017631007701012228,-0.011148809703758762,-0.030606958236491365,-0.07273292805476793,-0.03174848778947425,-0.05102319005682474,-0.06424145660254499,-0.08193863444397582,0.0281886927720505,-0.01835448409487287,-0.0718624402895431,0.006309212311145987,-0.033527787211426394,-0.02108546405967352,0.011951792513108812,-0.03899493392200852,-0.11699682550137303,-0.05196793274338868,-0.030379262134089403,-0.11023184440023341,0.09287429019904934,-0.08992786335270574,-0.04267585961614534,0.004835627353468251,-0.04776803789862068,-0.03136835570400102,0.030078506737166548,-0.04349082552557159,-0.19608189263394765,0.03805223260733841,-0.04297510358999206,-0.042634821946503525,0.02929162458197047,-0.06910917164210585,0.011270141701760324,0.0238381609331086,-0.05454828987814864,-0.03470963884189123,0.026349006503177296,-0.05369496784388307,-0.21000092416131813,0.08193419790507081,-0.03414581576145636
-0.03342458037695379,-0.028783919135303673,-0.08144220530932869,-0.039379013092990064,-0.04854817164848958,0.014786222935536261,-0.015299025992816124,-0.030741897376870365,-0.07306945186392848,-0.03256181323244838,-0.052817434607664214,-0.05891353718606026,-0.07860985304045415,0.025105691445651244,-0.015507841875307042,-0.07528495846044125,0.004299999946952487,-0.0363771770302457,-0.01947359893534816,0.013278836373682802,-0.04191143174026454,-0.11223008692108237,-0.04976658303198191,-0.02704997091260021,-0.10922411053680717,0.10021146996635993,-0.09905392866805801,-0.044510785002242634,0.008420826089049004,-0.052996136300910116,-0.02988502939246175,0.03317578248265851,-0.04503186500927875,-0.1943706213931302,0.03605831538673214,-0.04271405895410011,-0.03792487304824152,0.03031620024774202,-0.07167915581253322,0.008210819623142665,0.02376229227667472,-0.05664354602774539,-0.039977514735110194,0.024624850784447636,-0.050340666673622296,-0.21005802931306694,0.08779955434268774,-0.03301831753914121
-0.02973619702688704,-0.03223228232445229,-0.08240957588707591,-0.03792211923466997,-0.05051260258147613,0.004182736769323155,-0.010205547762661983,-0.027103863827386065,-0.0657522613821798,-0.031065443646051717,-0.0528185669488526,-0.05782396650432586,-0.08942925133837018,0.03707700381324743,-0.015244218127347766,-0.07372499675537475,-0.0013650031160254042,-0.03701501822252571,-0.02643614547963828,0.012007777218235252,-0.04022608526186957,-0.11216659362824637,-0.04972494592926738,-0.028345786929554674,-0.10915718705956429,0.10248402604655064,-0.09898825617710083,-0.042537754121848514,0.009803204401758945,-0.04744467894358356,-0.03066062962268215,0.03273989777467412,-0.04015790865306008,-0.1958975422849505,0.03611536245376025,-0.044072324804790945,-0.036722309127114536,0.027505483845245756,-0.06377949511605728,0.007998549733371628,0.02092883114043414,-0.056221968888779714,-0.04839539274929559,0.026097710959400246,-0.0561101907164607,-0.20830016805126175,0.09088383172610305,-0.03498278298801962
-0.02804007623175497,-0.020616587008364058,-0.0763372379213446,-0.03905497991406129,-0.050318137854728134,0.012601995276006616,-0.019669187657902622,-0.02895952630046009,-0.07208467454293437,-0.028793137999297468,-0.049257408934829446,-0.06182675744524045,-0.08586967212052031,0.032241024891652134,-0.015014605904327667,-0.07487420773104135,0.006097570066804207,-0.03712057271146036,-0.02249844866770471,0.01579840306402767,-0.04108910473634653,-0.11661799436832401,-0.051717654285599234,-0.03815831377201167,-0.10643568698884293,0.09521897103854082,-0.09109029734267628,-0.03929102987150521,0.008037833407992901,-0.04727604043261784,-0.02741626965259293,0.031224439384916963,-0.04295109258237212,-0.20016757834189988,0.03455470067408819,-0.038688178026595854,-0.03700236237625537,0.0317448709248189,-0.06301134944619476,0.011815703787530907,0.02234165991547317,-0.05687985255814763,-0.041721323557625846,0.02914095873469367,-0.05781684717305046,-0.21528349482912337,0.08461879657573713,-0.028397190681946252
-0.02441335121851188,-0.03293889804005381,-0.07754372650621805,-0.041122927524818026,-0.05025972921874849,0.01289406811265724,-0.018264689512950134,-0.03022768014752492,-0.08036718568002865,-0.03027819408584772,-0.059870789641913995,-0.06290552859406504,-0.08673657159965605,0.030394174424503425,-0.006703359774790168,-0.0722356457388586,0.000665970972243404,-0.03440195726624085,-0.021967787546216908,0.012482204786417171,-0.043749848129003184,-0.11168954908868314,-0.04776274827002541,-0.03171133834000169,-0.10627388865739895,0.10424839196861396,-0.08964806144733525,-0.04446519385722322,0.010077082615336047,-0.05288737980638819,-0.028429019092795518,0.03222635969567619,-0.036965646968469525,-0.20396826402444893,0.03503855602157149,-0.02511917650551172,-0.03512189647706262,0.03015677584148911,-0.0671400491897081,0.013822004923699687,0.022546970222809864,-0.05070968840450775,-0.03299971529699161,0.03309914619633954,-0.05137120161130613,-0.21354967262945718,0.0846684023061909,-0.029724841902506835
-0.026129477419179266,-0.022106937511603683,-0.07850942234712018,-0.04286786447927154,-0.05025689997946749,0.010781488589327008,-0.01899390566895598,-0.03266412329947128,-0.07612032057363731,-0.025589594638093717,-0.04925332417775558,-0.06102971503789599,-0.0860988343156196,0.034005270041339776,-0.012389126583890225,-0.06708186596446757,0.00846372151780233,-0.028376715585502574,-0.022688283602709726,0.010630570635295024,-0.036081724889879485,-0.11559758256343697,-0.05356129353683756,-0.03384861989684932,-0.11315122970725129,0.09999581240172685,-0.09551082772961361,-0.040664031899949916,0.008125374077689436,-0.048447424836067815,-0.028524863324388316,0.02991318915880194,-0.04419736227930586,-0.19576170991463998,0.025144423952450867,-0.02150532252601884,-0.040949575595466546,0.027753825522618517,-0.07008705895769744,0.009432463894857695,0.024063527678067555,-0.04742051873003416,-0.03741131644080903,0.02910559344684251,-0.055245953807218945,-0.2134445856837908,0.08486734469160093,-0.032126347425769995
-0.028131973025502258,-0.02093327203396669,-0.0741098583423249,-0.040477302327695974,-0.0452255852154838,0.007422391738583972,-0.017591617880568015,-0.028893074617629227,-0.07191654104883831,-0.030252043738955528,-0.05102447005082584,-0.06315013837240423,-0.08363744957629085,0.03303870578487061,-0.018808700884687852,-0.07928110261423217,0.0024582673605247473,-0.037158876812442156,-0.026989244704260396,0.015308783290697795,-0.03756019393434565,-0.11423106257906869,-0.05352217084121025,-0.03032139279760497,-0.10976126171787505,0.09540544060141613,-0.09452367635941723,-0.0404315653734603,0.016407213789363287,-0.047907827434563496,-0.030333170705563964,0.029778326585249825,-0.04140690901093804,-0.20001806504967076,0.0402345201740891,-0.0400053400512203,-0.03880693773990888,0.026099384665909647,-0.07842509461529648,0.00910042585872847,0.028391914810359683,-0.04551015752002984,-0.035305270452407105,0.026720799890395174,-0.060204542754793346,-0.21028273155987803,0.08886705040243338,-0.027932328191619112
-0.026249046147631645,-0.03291387728765716,-0.0776821867835489,-0.040153318084188906,-0.04871132503886159,0.005457716101042839,-0.019379377588362962,-0.022686876129998302,-0.0736827483378434,-0.02786114715045393,-0.05281416199113379,-0.057033821131571974,-0.08356209672812091,0.042218464384836125,-0.017801604215286853,-0.07033820059290528,0.004491900326114589,-0.03254146220365327,-0.02540523856043307,0.009799853355064362,-0.03567798066888964,-0.11181681714892028,-0.04784589946859346,-0.029119682797529887,-0.10773220603547999,0.1044694481313412,-0.09370208632673489,-0.04176386858786244,0.008245748595831322,-0.05065225589208747,-0.030864170050212265,0.027906516128701486,-0.03764511164346481,-0.1981621130128433,0.03463783448218428,-0.029082270841831143,-0.03924142794433997,0.028985385135193747,-0.0740373698860947,0.00834574930090493,0.021112572967213934,-0.050590539886131,-0.034114591047985955,0.02527645074684679,-0.05836816275024628,-0.2103455631665394,0.08426976723234098,-0.026378257376557353
-0.029760532026662404,-0.023665118526792296,-0.07990041914403558,-0.04047594441359034,-0.05380032531831512,0.008527375230176772,-0.02039698811338323,-0.03139572142189699,-0.06784118081697255,-0.029930083027936125,-0.04575394739445094,-0.0544241758490602,-0.08989189725233078,0.024834549859486514,-0.012926409962102958,-0.07178856157449921,-0.001384258437401858,-0.03676774389357632,-0.024966624831222518,0.013299211760080153,-0.042011417271656505,-0.1091497921385975,-0.051110407373007344,-0.03347984343433078,-0.10626919722723085,0.09755817712751498,-0.09218573570041055,-0.04335768028939638,0.009704447861482125,-0.04434559141655822,-0.033074486530214456,0.03630292241459178,-0.04307641181776503,-0.19950254084489388,0.04204133571966166,-0.04350625922603902,-0.03642398277981135,0.030212111004537145,-0.07098915875708808,0.012182921591188636,0.021093236748673264,-0.05154272042792778,-0.041694685724097375,0.022467769289260607,-0.06104596463380702,-0.21202640105637702,0.08432002612120316,-0.02625070730872534
-0.033578185476028,-0.025860090002416493,-0.07685977638550244,-0.043514460985009024,-0.05186010452242826,0.01581265611474644,-0.015686220868898277,-0.02281985638862799,-0.07056681409339374,-0.026622294911008593,-0.05100701703727614,-0.06513582985299171,-0.08264571896945,0.031193924909076482,-0.010725380020983855,-0.0718624402895431,0.006309212311145987,-0.033527787211426394,-0.02739052753215009,0.01693364284138022,-0.03510198841767033,-0.1171533971019192,-0.053725987707922404,-0.03348593428363092,-0.11322423246097621,0.09105632948935728,-0.09807693087860755,-0.05049939904499258,0.01010867683086995,-0.0491689984597401,-0.029382698470724916,0.031002381791304687,-0.039186302658404115,-0.19369879742885177,0.03235834919903659,-0.035507191924937245,-0.036079203809835154,0.02595503551805771,-0.07280514133122234,0.006165669543303676,0.021154429388537076,-0.04909716994788043,-0.044224820532961166,0.026645835680231475,-0.06322799741971229,-0.2134971229688572,0.08476786748920982,-0.03092553606616799
-0.0334096525943034,-0.027005435173958495,-0.08137600948236189,-0.04047661014173289,-0.04865593430927736,0.007863251850841796,-0.025892248837368258,-0.027108497528228696,-0.07265741365230795,-0.029431000888039884,-0.049277187963649896,-0.057661582054368235,-0.08811940050628819,0.029153950520238066,-0.011471760458126062,-0.07047227934508274,0.00973399445698169,-0.0371015903630243,-0.02566205110532294,0.01828322888303452,-0.03913824516875964,-0.11226286232784274,-0.05143689766818886,-0.03275648948124529,-0.10633964782883695,0.10197409675350615,-0.0897180285806144,-0.04409415480748287,0.003267484854317891,-0.04904840311379956,-0.029324749294286228,0.03575019161145789,-0.0407222843800908,-0.19799297201270258,0.04579290976955243,-0.04225028349121761,-0.03503607757277363,0.031527722108719625,-0.06969827528331422,0.013035055995037202,0.022643550008106944,-0.04765619230382256,-0.03747162900004084,0.026414323815065335,-0.05611453741484862,-0.21368301904216652,0.08740033165427517,-0.02675953674332935
-0.028105052901507173,-0.029496550626098243,-0.07660444128030634,-0.04018705770386526,-0.04840952453796129,0.020794902131167685,-0.02039698811338323,-0.03139572142189699,-0.06784118081697255,-0.03246011551727574,-0.04750564088240116,-0.059620025498023525,-0.08186323771029853,0.03737069750029615,-0.017347720754071757,-0.07132836458667022,0.009987576698274681,-0.03398285114477244,-0.02136335689858692,0.015320073092707952,-0.03858595761450835,-0.11578664818023442,-0.05368676532134512,-0.029958655332308178,-0.10826809626537418,0.0996588068468923,-0.08918033396039556,-0.04477659113590704,0.008136263531175303,-0.0456254031518115,-0.028346448499244066,0.030702191573624648,-0.03710316017759102,-0.19899832748338625,0.03646711480489419,-0.03508881546884214,-0.03732617717111851,0.024608867066916718,-0.07622400769731398,0.004947021333639696,0.025366919324382602,-0.05076924272237439,-0.036782304993018135,0.02937679444779353,-0.0594856207336114,-0.21013889449250636,0.09063335043211834,-0.03125121566995385
-0.02627994118362852,-0.02435688589463071,-0.07521660036768968,-0.041607652467170346,-0.05017632461921851,0.016500164805146777,-0.021983797959444405,-0.029155767217671873,-0.07086147232772948,-0.031601579555550534,-0.04752711423094364,-0.054362829853025534,-0.0777490917762626,0.04048015723298645,-0.021119690532381545,-0.06570858802252993,0.005590596334672485,-0.041363069594395695,-0.024668929694897427,0.009943455614964064,-0.04242466993238445,-0.11019399889985171,-0.047644300235268465,-0.030771310673990512,-0.11419466439896933,0.09487190443300267,-0.08514797260762112,-0.04752325528969523,0.008311164385382349,-0.04796885501326276,-0.026069639358490392,0.031098177665960347,-0.04281717250186564,-0.2005256621516596,0.03652423340911652,-0.036447328830735044,-0.0421273120340812,0.026391938626273963,-0.07456923943391494,0.00665772644803507,0.01800761126139264,-0.058381832613876354,-0.036090502553034316,0.026381661541127765,-0.05490463125802731,-0.21181980806897505,0.09068257304219232,-0.031123245404616848
-0.024448059437806653,-0.03132342813984271,-0.07638835295565687,-0.04128447898213059,-0.0485173912083024,0.013874977925117311,-0.013510133164376235,-0.034891373560227035,-0.07136516408351412,-0.027898344790670434,-0.051046425884973275,-0.05680138530776952,-0.08198742157657042,0.03710572709539716,-0.016159919923921854,-0.07572981793628902,0.006351496538966858,-0.03400317308309304,-0.02309714234915654,0.01296412503795916,-0.04625581850753974,-0.11105724954653132,-0.0531508851587704,-0.03234542687896909,-0.1079312510860715,0.09765013444048917,-0.09390471481244335,-0.047250183388877924,0.00834401361948254,-0.049001903421124954,-0.028894533439102903,0.03196516212550127,-0.034042735502940166,-0.1966062895254248,0.038150237920723494,-0.03952771508663597,-0.03196741688159158,0.02712433279702157,-0.06589270938132044,0.013541685202062118,0.02401042230751011,-0.04939955062000877,-0.037441480446712305,0.02775994385401214,-0.05568045456058699,-0.20953246947736243,0.08879744944372686,-0.04503464348521802
-0.031724647297240206,-0.034457763853144384,-0.07927137134018401,-0.03921870657890511,-0.0451465320129099,0.013144980831102318,-0.01875900027529967,-0.02749565166460374,-0.06502942773823961,-0.03046465727388372,-0.051031006414741675,-0.06176118587207136,-0.08873778976913112,0.02783744862983965,-0.005536083957829392,-0.07100603372536475,0.006055433905226182,-0.03664441660933248,-0.021967787546216908,0.012482204786417171,-0.043749848129003184,-0.11534617712552239,-0.05008934729144814,-0.02633536671524451,-0.11009728599885997,0.0974132736109906,-0.08980133584280844,-0.04099020244739558,0.006687822484550956,-0.053859663416491246,-0.030125736427012245,0.03461335143697037,-0.04391922342842411,-0.1974248508521504,0.036172438292790356,-0.04543081149513988,-0.03765531533776959,0.024691997880448652,-0.07096136583644085,0.0032082255864094734,0.01677655562602451,-0.05210886777004983,-0.04174724289673283,0.027792639388418115,-0.05825146719170164,-0.21023007503313998,0.08896685524763329,-0.02913292691264516
-0.026316891959866476,-0.0296811507816701,-0.07536186622866463,-0.037477466715426906,-0.043435433633809445,0.015042231606567287,-0.017157442169210058,-0.03272543637087708,-0.07455906880639518,-0.026659579177437494,-0.04923875534338669,-0.06490076314950768,-0.0859067926768761,0.027655830084875613,-0.015514707687202341,-0.07176146470369965,0.0018897089630282157,-0.04266072227759642,-0.02108546405967352,0.011951792513108812,-0.03899493392200852,-0.11578664818023442,-0.05368676532134512,-0.029958655332308178,-0.11009728599885997,0.0974132736109906,-0.08980133584280844,-0.04564889335306069,0.006633653053641999,-0.04897196491552034,-0.025110533991462954,0.032322327796007286,-0.04059585721828082,-0.1964221680924853,0.03621355451955983,-0.04062387518867407,-0.03750885203036564,0.026043800622378488,-0.07456190488273538,0.0067426167791319195,0.018224561835455812,-0.051731144959055536,-0.03946726677723963,0.033487969037642215,-0.06059960709667977,-0.2135779011898365,0.08759969596123575,-0.0291604226504918
-0.028387716451701312,-0.037383862291368954,-0.07125191618370046,-0.035724337102354974,-0.05543687620680101,0.018685138085180537,-0.014541156737408318,-0.026261904341045885,-0.07738735412832737,-0.033199676818430605,-0.05283655010894469,-0.054748510527047496,-0.08051858458988888,0.03402226816602275,-0.013079668110994164,-0.0661171960043626,0.0037945994926121486,-0.04060889075755686,-0.0222146007984332,0.012433414820023551,-0.04149987557104134,-0.11312175620963792,-0.047839649295928204,-0.033947761158358514,-0.10823379836228592,0.09745286997152658,-0.09041110189260203,-0.04089095810529816,0.009748621872696425,-0.047306860661298265,-0.026198660000553563,0.031712913645411574,-0.03377464844850117,-0.1942251335777844,0.04173818674741295,-0.044015101940025454,-0.03792487304824152,0.03031620024774202,-0.07167915581253322,0.009672283502193612,0.025463386310966438,-0.04814184510051103,-0.039323245124861045,0.026243242451357354,-0.05414529237537911,-0.216692419877423,0.08966275661378723,-0.0346269032114476
0.0988561059594428,-0.1006099010548843,-0.00012430436177398983,-0.005941817393463889,-0.0803224078419215,0.012603491956417627,-0.009363435431910856,-0.03773945870253118,-0.08357631559121734,-0.023694481337379596,-0.05808539945595803,-0.06251367506399032,0.2987355392530806,0.028223521445310096,0.04946703242917294,0.11288201640546029,-0.023711461277674612,0.053793049927061284,-0.004393020096854899,0.004028593815842322,-0.048965054662541786,-0.11846289403074611,-0.050411918133429115,-0.02562286595989963,0.05179012578984959,0.20447714909521075,0.07418110671000552,0.06274394147318695,0.10479488831034502,0.00033132599168734,-0.01812944340245074,0.04119083098859304,-0.04298912131531037,-0.17874472170961964,0.03899258323352642,-0.04322567875642413,-0.03189788981557384,0.03128718926004884,-0.07043528360237607,0.011291092417836575,0.022406083124474792,-0.05484321447923883,-0.0415905201951397,0.027860608081747874,-0.05931145911235146,-0.21020175178227465,0.08603416451158494,-0.029698076546807145
0.12105630055454138,-0.11691171940249707,0.01565143679851677,0.014313349446031744,-0.1026424803042715,0.03222356945078595,-0.009126560156869835,-0.03760973714389338,-0.08496904845394816,-0.026897989235742575,-0.058091304253842825,-0.0632904913014399,0.355632204314963,0.02294531160597254,0.05970817673419019,0.1712709949301182,-0.025399467179795018,0.0927006364175929,0.014984305278115943,-0.014996760516483559,-0.03290467493731174,-0.11286500328680278,-0.05348311305194541,-0.026795069188095277,0.08707242727306437,0.23423680687515072,0.09887420033327524,0.10239843155265126,0.12786434475799197,0.021468194027451037,-0.002440332658793609,0.04703900890399878,-0.03775424370215507,-0.1799439322447277,0.04279183036481205,-0.0469605946871909,-0.026952540169315208,0.029470075859538456,-0.07422599409271093,0.009655280287463708,0.020951453966583752,-0.05567981401106813,-0.038107889834364625,0.03210425339758307,-0.0598251967397529,-0.2118968414291377,0.0875501611440339,-0.029287911190190762
0.08174270492889131,-0.1287750791191471,0.019845012070308587,-0.007641453354822591,-0.14885215069018956,0.0806253263233413,0.004508105729702857,-0.06367361123886323,-0.08132100037711551,-0.02284314783680966,-0.058059759777942754,-0.06807923078389175,0.32933608049785573,0.0274511874882217,0.06778317803399786,0.15750403736269297,-0.04140950667414201,0.11726398510806764,0.021262214788710355,-0.06960765148945823,0.03799550223550837,-0.08835023917627664,-0.06476546384080811,-0.04927820011871835,0.07586110441598648,0.2600361631432409,0.14602362715605544,0.11103410224859561,0.1604498291773467,0.07174664529052982,0.013595389303591924,0.08443167306618089,0.01952524514325392,-0.14274619299794586,0.05812787340607111,-0.03184483186853446,-0.032049434849765496,0.034113377324411685,-0.07030582654953027,0.012360209887976377,0.020845147840390862,-0.0592104327586,-0.04015137542335939,0.029820271931399724,-0.06842011961628994,-0.213406214180026,0.08643274355069136,-0.0330451565774912
0.026370893127405665,-0.11376320385095415,-0.0059003287462423195,-0.04713247165029852,-0.1696606410476929,0.10216108186648011,0.004477907603088113,-0.09276229777704448,-0.07156824358047491,-0.017704450668090135,-0.06864580567751614,-0.06907156509736403,0.27996740611096843,0.01953565113859283,0.067218044639618,0.12313563305000284,-0.04865256971277891,0.11035535330680614,-0.007829363513833055,-0.09182412330714179,0.05570566886710889,-0.06967474709668031,-0.09651932523436565,-0.040078178053062644,0.0395551975423602,0.2507309535488269,0.13725324191015129,0.08119568328266548,0.15024078266607538,0.09200297463860371,-0.01720223815381792,0.07447270853075381,0.06405114729717663,-0.1051263913495018,0.07728630856627969,-0.010226259973797754,-0.03295594483476954,0.034072070101055736,-0.08047058437488802,0.01615365868723898,0.02511993156630651,-0.05929451435241674,-0.037605241002146544,0.03365393350257833,-0.06256961171106402,-0.20487179936093747,0.08941624842655478,-0.036725470239867906
-0.019984075688357337,-0.12228890485586383,-0.01915622823847591,-0.08181529982534702,-0.18903917292629382,0.11716669748514538,-0.018440189157686155,-0.15194600480693787,-0.057078293785422674,-0.012738036073575244,-0.08099068694564092,-0.06897446167424713,0.2298257800059221,0.024570731146299013,0.07675398465726864,0.08592787189467825,-0.06441799752135456,0.11071013032332694,-0.03747983777519585,-0.11587187365900473,0.07683845186684325,-0.06450062811472505,-0.13836172739158517,-0.01598752904497563,0.01381543098735438,0.2447184987940383,0.1285456056768298,0.03886994780801603,0.13804501045215617,0.1270383302419935,-0.05999643492996084,0.050413849079548725,0.12238826841392283,-0.09042125268632298,0.08321212753632985,0.04924733630402153,-0.034708138572139766,0.035628835204261286,-0.0784375767926267,0.016064652523612697,0.0337091226113652,-0.05755013374668573,-0.04243310094971027,0.0394743491158475,-0.06990619578158615,-0.20793200503455697,0.09158404249922907,-0.04339456549434143
-0.04611753713470248,-0.1294747417582147,-0.025865327310582532,-0.10917084027526246,-0.20501112808772293,0.1376405428716561,-0.022908820832694084,-0.18982853437907873,-0.04170279014434895,-0.0064635363670626595,-0.10390000313497678,-0.06658465750799608,0.19372957561859078,0.027798878061066328,0.09047721813938275,0.055629109485066115,-0.08197615653680959,0.11344005862411331,-0.04752830617320911,-0.13867604893282465,0.09203844892905931,-0.07876762707289413,-0.1804975333070106,0.038528888137514886,-0.007530278412251283,0.2501344845534943,0.1322394354206625,-0.0017691108014219266,0.12748874374384186,0.16292974916690345,-0.09985409267060326,0.021908460166280442,0.181088786344788,-0.11922177362851312,0.0808159868963928,0.13685270516506148,-0.04893086914816956,0.04225229738044364,-0.07980785772157827,0.004456006253619542,0.040715169666874745,-0.06072681358208389,-0.03558269148769434,0.05317848557665818,-0.06701922817432522,-0.20289660639216978,0.10339551280661428,-0.043904394325381825
-0.09312662858686657,-0.1805417438750696,-0.011281778350172704,-0.17139358767733875,-0.2968961571098615,0.2166508158001566,-0.052274111442804666,-0.3652085857448322,0.029418638819309055,0.023145242455498084,-0.20026817683766407,-0.0656197500493948,0.15673839841973894,0.007460798406146516,0.1712981529166439,-0.023796893890675457,-0.12939730957333787,0.1676962948689537,-0.06800661095306042,-0.21398403336115968,0.1907998967510072,-0.1321241912437298,-0.3009901252277759,0.23940448295943728,-0.05149178224255005,0.3064598240785836,0.21285320701286412,-0.09958750334998526,0.13212306580415495,0.2961291278416063,-0.20080466352961795,-0.04782579177381279,0.38594779494442,-0.21034148962108098,0.05232192146641401,0.4244243933125418,-0.04667614145541545,0.054759750409039326,-0.07807592619864842,0.0007375180282099605,0.09371799436590916,-0.053256557118253146,-0.05784367595516447,0.1443367212307158,-0.02100897453584292,-0.19279204884004364,0.19593491658410714,-0.006437361828563893
-0.09312662858686657,-0.1805417438750696,-0.011281778350172704,-0.17139358767733875,-0.2968961571098615,0.2166508158001566,-0.052274111442804666,-0.3652085857448322,0.029418638819309055,0.023145242455498084,-0.20026817683766407,-0.0656197500493948,0.15673839841973894,0.007460798406146516,0.1712981529166439,-0.023796893890675457,-0.12939730957333787,0.1676962948689537,-0.06800661095306042,-0.21398403336115968,0.1907998967510072,-0.1321241912437298,-0.3009901252277759,0.23940448295943728,-0.05149178224255005,0.3064598240785836,0.21285320701286412,-0.09958750334998526,0.13212306580415495,0.2961291278416063,-0.20080466352961795,-0.04782579177381279,0.38594779494442,-0.21034148962108098,0.05232192146641401,0.4244243933125418,-0.04667614145541545,0.054759750409039326,-0.07807592619864842,0.0007375180282099605,0.09371799436590916,-0.053256557118253146,-0.05784367595516447,0.1443367212307158,-0.02100897453584292,-0.19279204884004364,0.19593491658410714,-0.006437361828563893
-0.1387637004892963,-0.26025408442425446,0.014092285546111125,-0.24546671551563432,-0.4254163787808549,0.3392582289749038,-0.09232550055328591,-0.6401480126619652,0.1640440547259243,0.07468072407215516,-0.39923921610620733,-0.05809740845496392,0.11372708114891493,-0.045086257765378134,0.2682258397729204,-0.12176194654000154,-0.21877290873195632,0.23941677040921,-0.04766928688334925,-0.31102947914224827,0.3117553695428183,-0.18653311721455387,-0.4685074795554632,0.5228162564487436,-0.08526693202672317,0.36326791927769236,0.35266111039566356,-0.23796607599887865,0.15433608726102546,0.4850412137380726,-0.30672784234317735,-0.10924657352863382,0.6625014544298375,-0.29027315970498185,0.02663034339220456,0.8094428406463695,-0.07405487888610526,0.10451573584845528,-0.047866731899944934,-0.013914188561103973,0.18711199629378314,-0.04316272847312784,-0.09362042627889858,0.3135034018087686,0.05822584139120295,-0.18078810763626674,0.3839484439686492,0.08130424279711043
-0.15669468441009016,-0.3111451087951973,0.025938884898144127,-0.2747530945334194,-0.47863245451067016,0.39358159040331386,-0.09779914321585315,-0.7323517593580969,0.20701323944858208,0.09056664498008458,-0.4606834793393371,-0.04413135164174666,0.10549449037989135,-0.07214696764021006,0.3037183013913488,-0.14721525818030007,-0.2448558963776037,0.27057100528464884,-0.03392000780047036,-0.3325044542266942,0.36039834359172906,-0.18653694444414765,-0.5107536698285381,0.6038741535456745,-0.10374521588989837,0.37510796667503643,0.3984470498767724,-0.2908712802022972,0.15849038626971843,0.5589794725074644,-0.33409668305815665,-0.12621031579149725,0.7521736744128794,-0.31471301894896375,0.03807733427002383,0.9144641626867352,-0.07572843353612864,0.12298107140795099,-0.04183125155719655,-0.020949286102294695,0.22905462145788544,-0.03387137826910748,-0.11364250913676863,0.3838691097173172,0.09279725742598881,-0.17640794096358212,0.46438806581546704,0.11059829537813508
-0.20455437849061373,-0.38892668341524606,0.05254660341334529,-0.35386976761414063,-0.5741553818825721,0.5054550728776581,-0.11698740004434913,-0.9574463891984162,0.3091385245465251,0.11336674394946226,-0.5964897777233024,-0.028596200436070626,0.059069685451383594,-0.13063124508200388,0.38674671058426463,-0.24619766513295968,-0.32037972835573186,0.31148414978652444,0.014656123061864122,-0.3676109401587482,0.44368850919445846,-0.20470601491046975,-0.6134447203750971,0.7986307411589396,-0.17378955557031608,0.3711418900108331,0.4770428718335296,-0.4355883435701506,0.16478722589913594,0.6908105805608808,-0.41734429212783086,-0.14197258557704323,0.9304192279059013,-0.3776349491052147,0.08225402508764881,1.124872129758943,-0.11304411955590338,0.1727397082456346,-0.012427973190959141,-0.06335959387901836,0.3242551838643338,-0.006492311589079525,-0.169871367798902,0.5407495705344495,0.16238337201898914,-0.1858405123597414,0.6253478018268638,0.18238903118777589
-0.3065821426277536,-0.5402312794658916,0.062234290327204664,-0.4744085036578649,-0.7230449075415671,0.7027285224339375,-0.12490862399629367,-1.2992400742067791,0.4449272029462594,0.13966650212079934,-0.7825623966768954,-0.007221175892189979,-0.04405909265496831,-0.23563746981853592,0.5326651290631232,-0.4103556764805272,-0.45381940935957493,0.36710992277794874,0.15482997185821634,-0.39641388241906683,0.5468987235040068,-0.24558263776844602,-0.8048495301666453,1.0944798527854473,-0.3202849034942658,0.328929311541376,0.5855326974833286,-0.7000400203947936,0.14815243921798768,0.9108793061668325,-0.5506161900728987,-0.1734544679487739,1.1870486920151733,-0.5146353675378228,0.181004888479139,1.3990111322372012,-0.1936923081116034,0.27814183533015596,0.07019464410682688,-0.15729623353453015,0.488073356651294,0.040282282571700224,-0.3147881081186091,0.7856545681269322,0.26620288705091755,-0.2249551761342108,0.8526935461759911,0.26847777761071084
-0.3474524374336616,-0.660898427807626,0.0870479360434326,-0.5496635984497732,-0.8331757719602985,0.8469927030979918,-0.10092857193940355,-1.4983458596926635,0.5576953278856094,0.1826971707470255,-0.8692233637175555,-0.029787433545163295,-0.08424776464730836,-0.31518399867786884,0.6529575010756851,-0.4853103236990793,-0.5250828284504435,0.4247214930395728,0.24250272369407214,-0.41632860288672124,0.6210197195010352,-0.23402256939991564,-0.8566333559482845,1.2094306333900586,-0.39591951548119475,0.3090540402700736,0.713841229571685,-0.824844475556396,0.14456563149205312,1.065897150517705,-0.6093754209972837,-0.17221069521743793,1.3309963800368774,-0.5301385165032817,0.2675142069525908,1.5099647488160326,-0.2604652830559273,0.3735820511717402,0.16555801023031017,-0.22227362525591665,0.6102495533928888,0.08796461957486854,-0.3946265707877375,0.9395321315301626,0.3396435020635472,-0.22275230170165497,0.9616081266782902,0.31460223672749654
-0.36386885370481387,-0.7251114018033445,0.10673215658598903,-0.5727793698572186,-0.8803557252640908,0.9164572546502141,-0.09057966106242057,-1.566502680842499,0.6077957996963794,0.2000526761768338,-0.8767794979331697,-0.04470706271360907,-0.10617850859076718,-0.3523277489243242,0.7252153993594654,-0.510405686749131,-0.5553069892997515,0.4594947316567534,0.2538500181275229,-0.4267057158054965,0.6735395279875521,-0.2187149660650626,-0.8402739048924802,1.2340411256307529,-0.4328277629297395,0.29424600066863943,0.7859600852199514,-0.8666842485666423,0.14942356811121224,1.1408437212443105,-0.636189726238936,-0.15584046752183994,1.3714704985574135,-0.5331319694885935,0.33798061814755676,1.521280952197451,-0.29979862848109057,0.4187979126775655,0.22236621615156743,-0.2539126864649471,0.669523030381782,0.11576918229440794,-0.42918855616508134,1.0047656995264405,0.37198063442053325,-0.22556001174320425,1.0066826633185955,0.33004700708833196
-0.39419854507997837,-0.8170696308535023,0.13916565021042934,-0.6276083631842893,-0.9496895513324153,1.0271435807538276,-0.07277910638357264,-1.6849868479144376,0.6710479431281284,0.22023851339583345,-0.8893151112473285,-0.06847239626934956,-0.15656833128342126,-0.4138478183270946,0.8217156154539802,-0.5547506960168939,-0.591395410783505,0.5045869473464416,0.2756905712578452,-0.4242725706595369,0.7322669203114628,-0.19331263415135802,-0.802734768662055,1.2465908791645468,-0.5080475901974877,0.25962448834319185,0.8925718939372697,-0.941040744220322,0.1591990877857796,1.2470642202488156,-0.7055409525836568,-0.10890118318635261,1.4144606903052814,-0.5453296375698823,0.46240709900093135,1.4938237214043628,-0.37498774319437855,0.5015149432206873,0.3354060519365853,-0.3128706362033388,0.7484652857051204,0.1534897755851844,-0.4921171868122971,1.0807051430837196,0.39632905840259564,-0.24446314731784227,1.0383194585848778,0.33063435070371383
-0.4110493552165337,-0.8801027151972889,0.14812437812710627,-0.6574693313177482,-0.9881558445694796,1.0961436979117265,-0.06499121151722984,-1.7296580903854855,0.7044120825566765,0.23288321932681258,-0.8691669104551444,-0.09633006254305741,-0.16457524900938245,-0.46267273232275086,0.8806441185966701,-0.5526952421661218,-0.6063023814372835,0.5448512891644826,0.2838827415178078,-0.4344147574597394,0.7711253326415464,-0.16209044177620738,-0.7619176652505592,1.2414835299481117,-0.5367783596790436,0.24274162717502862,0.9591031983889698,-0.9624893521178249,0.16429398044876314,1.3066522816652215,-0.7335716700505928,-0.0883893301955549,1.43463606496976,-0.5349370594486693,0.5206753381457688,1.4792003900327673,-0.40947743031131195,0.5475066006614682,0.41453122124324027,-0.3375136460587637,0.7915448798979243,0.17065259071504013,-0.524170485186977,1.121532113470942,0.40127596603881505,-0.2359050056236996,1.0415195293047803,0.323520740972583
-0.4085553734558835,-0.9264269992009828,0.1936725641137573,-0.6636856356054086,-1.0283683912791886,1.1533336239171423,-0.057147505088833456,-1.7809027552505943,0.729472932586189,0.2445393743427743,-0.862179588969851,-0.11564767351612415,-0.17871798278406575,-0.49698065001652425,0.9512591432713837,-0.5634299090878676,-0.6343132969259434,0.5778779307712834,0.29333889497334653,-0.434975977140361,0.8017491449217816,-0.13749634466746619,-0.7288718742641878,1.2152623085199645,-0.5699041562859004,0.231222002685076,1.0355975610594654,-0.9838105151009391,0.17056340502346146,1.3721868989359258,-0.7727261700821517,-0.06199297105128916,1.45313964467382,-0.5195359698428919,0.5804735441620684,1.4662305278335297,-0.46360840207985804,0.5985123382142227,0.5031945721560017,-0.36581238798366494,0.8290517070283586,0.18991457816795193,-0.5499144409826957,1.147448430188162,0.4031511486255796,-0.24200157464627764,1.042780986721605,0.3123734951970637
-0.42521033944781705,-1.0327427410914578,0.24304419689039028,-0.7130751174299433,-1.1182816456173412,1.3151152551101262,-0.0412233949873595,-1.8796781715930826,0.8403070919701027,0.25587122080832214,-0.8534950538321446,-0.13292427156912606,-0.17369742334246283,-0.574244729616587,1.0676040511543827,-0.5495768247544112,-0.6587643996781983,0.6829128561828428,0.26936237710138206,-0.48171236082651314,0.9064247537425878,-0.09237483095048665,-0.6784847315527184,1.1516861737113193,-0.5807738351408007,0.2021693499806921,1.2287542678279937,-0.9838749295637375,0.2036822294617694,1.4659274017510515,-0.8457663682433476,0.022531776178129202,1.4711251100967724,-0.430996487844926,0.7003877335863904,1.4169358943909116,-0.5190504739473905,0.6836163847603798,0.6376975450803614,-0.39136660135735685,0.8739434600918916,0.20714137522354295,-0.5483921540471532,1.1537231892086726,0.38485853555779004,-0.21649613672281712,0.9792132988766294,0.2501957869121296
-0.4210894998034411,-1.0837799465411988,0.28830128130165084,-0.705643712322118,-1.1188240271504934,1.325691983707203,-0.03940056392143382,-1.8946045020387376,0.8555877926458466,0.2604406361098014,-0.8401449142655127,-0.14514995495966096,-0.1703297759207086,-0.6116643250515285,1.1335067475023508,-0.5574578799479979,-0.6586096841538057,0.6994981131847481,0.26807569027831674,-0.48119591660428257,0.9173018078453936,-0.0827945549774842,-0.664958189497967,1.1489315621898986,-0.5934863892321797,0.1797725031095785,1.3267118733434549,-0.9779454585028634,0.22629821538498354,1.5237735419865626,-0.8613722329217242,0.03748063561254304,1.4743107358049488,-0.41417253735572634,0.7285829896412288,1.4050287099901997,-0.54792197273101,0.7081289458203014,0.6854449508728925,-0.3906448413990516,0.8873001988312813,0.21171257855266154,-0.5342869851067993,1.14597033002554,0.3835301101533421,-0.21316502658240852,0.962854080040155,0.23950841148054075
-0.3898207686373605,-1.11690834246401,0.3703263058298705,-0.6795644173168598,-1.1434868584200204,1.3512712048444784,-0.04533497442863796,-1.8581906671911905,0.8769639707397806,0.2747350895330786,-0.7946212649278005,-0.1651516004557612,-0.12730377532784395,-0.6262550839793886,1.188350392235732,-0.50358488320311,-0.6334407713871758,0.7628117448886444,0.21972381566566843,-0.5181107324281728,0.9847101307663017,-0.019408425360208745,-0.5789340021028537,1.0777523263813507,-0.5120657547790818,0.1996056569392601,1.4575574682608436,-0.9132978602264353,0.2566090650180728,1.5685480997367296,-0.8471213632379196,0.08179565096192308,1.4796755820032657,-0.32316764524694225,0.773795189030445,1.4166760847006636,-0.5509513966405123,0.8631298909932182,0.8741912073434132,-0.36789838237554484,0.9733799960208568,0.25807773534331757,-0.5054848177178094,1.200004637014262,0.4441612594934859,-0.17201148388758467,0.9849319634348052,0.24860610224942462
-0.30260537878038246,-1.1299166758180093,0.5179945650641448,-0.6123215376786334,-1.1494473001001673,1.3503832141958776,-0.05379671805782287,-1.7874390260666346,0.9360998615207159,0.32499522020374544,-0.7670110426919039,-0.19438151250991878,-0.052787527316185696,-0.6374010897184367,1.2114562668795035,-0.41694828582493954,-0.5861817138660075,0.8370059683270821,0.14620389597028333,-0.5734569489170936,1.0502575872100626,0.06363033986190733,-0.4911667926771843,0.9949299551392157,-0.3839057867704345,0.23908931664790203,1.560879380454239,-0.7925468404689976,0.2886447852580964,1.5741815632095568,-0.7488531182014433,0.11020381543669505,1.4663484962851039,-0.19265235766740404,0.7741147306811583,1.4302768102480066,-0.49774677984405397,0.9284806719675379,0.8946637100213332,-0.2733096016259736,1.0105903712439872,0.2656722638519685,-0.39831317514421044,1.1976266371503008,0.4591839779488779,-0.10657348218307326,0.9863044146529921,0.24792575548447243
-0.2857466612879034,-1.128083867216472,0.5496386954258532,-0.6027374827908659,-1.1477979029765308,1.3470325701429746,-0.05535438032256221,-1.7729684021900345,0.9413482714186864,0.3334623276499576,-0.7549524687213364,-0.2018316151061647,-0.03437524577604198,-0.6376164964600123,1.2113886889942356,-0.39940553765488,-0.5782299622775008,0.8451023553152972,0.1300662802141918,-0.5753087767387887,1.0570808995056038,0.08158599320715687,-0.47563915790487277,0.9808719204851472,-0.3519233729963011,0.2528874551974639,1.5766148412523024,-0.7574184915746842,0.2952695682760532,1.5585970919936403,-0.7219779011797332,0.11338824667880193,1.46407229826955,-0.16590291739585553,0.7696826047106405,1.4319434432639113,-0.4630103825818606,0.9413884503024471,0.8687882218704561,-0.2483285973064285,1.0174883167307203,0.2667669438569142,-0.37134809055523,1.2001985214923232,0.4744951329211457,-0.09473265659639588,0.9865284579274912,0.23804748235494722
-0.2356385024177861,-1.108012483307464,0.6272882439668852,-0.5531464390034877,-1.1218915047334017,1.3096312232190443,-0.05680707477502076,-1.7139046348413396,0.9408275994190285,0.34468547626832047,-0.7310192399463661,-0.20789341160670272,0.0013121655849244913,-0.611387280602119,1.1940529529190038,-0.359592705358638,-0.5401187965704319,0.8588226362031259,0.09952638218653481,-0.5841202509520405,1.0605949760190874,0.11760803359507647,-0.42970486196652685,0.9174272149882321,-0.28988701652621934,0.2521521399874303,1.590619687176166,-0.7036893780624063,0.3052414378031572,1.5348725997227957,-0.6683502171861883,0.13162093097246613,1.4241621205829025,-0.12860188670321254,0.7625362611099002,1.3978958627739462,-0.437845084273811,0.9427005991249533,0.8579051591078902,-0.2209764045964168,1.0035996114828576,0.25163862292659156,-0.331901556377768,1.1638137293812212,0.4691651429006621,-0.08039050711344131,0.9612503496027525,0.23305174457283576
-0.21394803453290226,-1.0658278120487592,0.6107893749500394,-0.5377009178830029,-1.0810848842203173,1.2495349632762545,-0.05594691670227756,-1.6719553619431282,0.9218330954971398,0.346338592432225,-0.7259336310610849,-0.2090826141058609,0.010921320203141419,-0.5740324455643753,1.1271750322036278,-0.34795952227758487,-0.5228712715644699,0.8263565123152933,0.08848460986349058,-0.5702244019919634,1.0326150904835725,0.10686449308173927,-0.42908482794989034,0.9228608956240961,-0.267119707762178,0.2662527447638577,1.5145668992020276,-0.6792463191064858,0.2979794490154136,1.467090598707105,-0.6481317898508926,0.1125126285714727,1.3874421968809436,-0.12960019985474988,0.7331165926302189,1.3778632989332935,-0.3970521674653939,0.8818736856077118,0.7462554268873682,-0.19850977179117088,0.9591605433071398,0.22952329200107857,-0.31116981227437074,1.1341075264473495,0.4595033775364952,-0.08043320684623838,0.9471512216158315,0.22726789094756747
-0.18681807435052764,-1.026709687894575,0.6107801413437632,-0.5185203735098356,-1.0483951460506316,1.2057674722659373,-0.055241736533995583,-1.6345591724257897,0.8950586605680116,0.3465324410229143,-0.7190896519516783,-0.2003540369266906,0.013880910485562583,-0.554158518200728,1.0727727523491604,-0.34316798968154605,-0.5029243659470207,0.8020398976460477,0.08051259665645308,-0.5602722419731476,0.9943049539897459,0.09842648886009808,-0.4271832916691506,0.9234843253022766,-0.2559170498552108,0.2720351801558721,1.456471018468482,-0.6741352141819537,0.28683965956319274,1.4164866509461693,-0.6277409871661913,0.10090037550498832,1.3573360126221246,-0.13906927893785379,0.7063015883410756,1.3710890613297122,-0.3764415334105638,0.8311950010929909,0.6811680633552671,-0.19296242771786945,0.9248856215045245,0.21692032407813236,-0.29713909103428604,1.1094166619559496,0.43279601023675107,-0.07406591258877715,0.943805282153115,0.2291422574377075
-0.14404591239238465,-0.9009856761691751,0.5414696999990487,-0.46062814305852834,-0.9496046881840114,1.051934118024259,-0.057030548113003746,-1.5184180322820728,0.8153924254769694,0.3348121930961454,-0.7090810869612773,-0.16132515373832432,0.014146258439586223,-0.4528899992569575,0.9145315910394171,-0.34030577911340454,-0.4549857715633154,0.6945334523289463,0.06415369681084648,-0.5130737887000671,0.8852166716364948,0.04451703625676835,-0.4339369294350258,0.9492776404225219,-0.2583731076868854,0.2619731760638575,1.2205686842453705,-0.6514357512149789,0.2507103113633739,1.2480837337773574,-0.5953294970841551,0.05571350001178281,1.2580063261222538,-0.19684040630924737,0.6431979071130448,1.317575415841774,-0.343634248029383,0.6466431875927839,0.4669795138661355,-0.18402746138591347,0.7934038497466279,0.1611004211455676,-0.29948443875555825,1.0216492008174332,0.3957420277429149,-0.08444701009004427,0.9075650690224946,0.22609955923362304
-0.11088461676009999,-0.8168122599579021,0.5084021652127068,-0.42042011435009735,-0.8761520500333174,0.9454185265360553,-0.057227054463304894,-1.405152569555432,0.7469439111669951,0.32215755318042727,-0.6878371980503979,-0.14654401433948286,0.026582661613898467,-0.40792682714533807,0.8086256281034475,-0.3182385010015314,-0.423734889428557,0.6218251056891303,0.04297139582164014,-0.4752181735343052,0.801806362882446,0.014078058384134609,-0.42243043862818314,0.9337209705844967,-0.2400600905207622,0.26390430513840013,1.0878882571484219,-0.6192052825900483,0.23391538307697649,1.1433457630101147,-0.5745092006402328,0.039572847867564646,1.17379212041072,-0.24749793773529535,0.6012293092202863,1.2509466099885906,-0.3066256578600278,0.5231707515839119,0.3322060110125466,-0.19289672409628256,0.7072366276127066,0.12780528020536588,-0.2907568099529371,0.9425850002868763,0.33925173759640403,-0.1009687982892545,0.878631946359433,0.21757164946666122
-0.02149358878459443,-0.6565847968516906,0.4608661544761056,-0.3075596662876352,-0.6994058191891646,0.7234723681418354,-0.0412932401348948,-1.0760444094593211,0.5695053421807238,0.2700894682835361,-0.5384844831816232,-0.1109179252471816,0.07767144779003761,-0.3136182717605164,0.6314060970127827,-0.22178690637752144,-0.3146332678247801,0.5035289314893437,-0.015322035369422168,-0.4007868554698095,0.628972624140524,-0.013903200616227152,-0.3231176157132553,0.796049357360687,-0.216842119009077,0.23129259442681685,0.8439946073825306,-0.48803461248596497,0.2060889929021573,0.874971621608314,-0.47216649492643376,0.04278610060773183,0.8992379486489288,-0.29823090165870086,0.5204582133794057,1.0108682825391182,-0.2422084902511632,0.3267003560480503,0.13024229276449742,-0.15765112112390356,0.4983225691708321,0.04159951765970158,-0.25927190628956104,0.7237229823488527,0.2150475933995015,-0.16446212954125522,0.7260860884205701,0.18135467503223546
0.0145839671260577,-0.5734717298564624,0.41674023956405765,-0.23919666664536965,-0.5947032634590055,0.6014702655274633,-0.015918720446447328,-0.8795688377621772,0.4555461882415676,0.22429739684841601,-0.4227313763477424,-0.10124992667917244,0.09210594388028365,-0.2822563963733087,0.5397831575008202,-0.17236432182740302,-0.26386080459713157,0.4358979159550424,-0.03595446410626688,-0.35111553310223836,0.528750925487029,-0.014104785131698766,-0.2536118327664388,0.6529287087979084,-0.22872395357455233,0.18939457677009808,0.7243640041862326,-0.42112995648834456,0.18197680362499163,0.7260522342038704,-0.41446207193672807,0.05515951459967218,0.7401839954742305,-0.3129948505729691,0.5071399267603658,0.8086540435903372,-0.21989275023899987,0.2517129844020215,0.060004733242604164,-0.14707537654317152,0.3983716825145245,0.014444934833897902,-0.2479921033135557,0.5924798227321064,0.14730632806464536,-0.20223914225701575,0.6131778619458094,0.13664567763135207
0.061763168585173056,-0.44063222517480843,0.3137132826361311,-0.13669510963802994,-0.42606397849361644,0.39081321262617263,0.028393074525350018,-0.5226899525041553,0.2047681533919858,0.13012444493468117,-0.20926018448640177,-0.0882993100566915,0.1104233132548162,-0.23141235569893967,0.37002750825181513,-0.09723716412760564,-0.19734401647259148,0.2991813442843261,-0.0551925432935378,-0.23569158505853735,0.33224110992518985,0.041636421879450554,-0.10450993470768707,0.3222110507440106,-0.25492381448266055,0.0919864974017921,0.49633200651829534,-0.3742043585239728,0.13006414339766012,0.47779876501966567,-0.3698420265656294,0.10922651009098432,0.4391676461522601,-0.28154549277709656,0.4675089257599573,0.39154268914398704,-0.16778682525573735,0.1285878340240075,-0.041927172417704425,-0.12938187056825862,0.24156974001996515,-0.025257167934235606,-0.21220220560022415,0.37358968567340695,0.041890782921955354,-0.22439055794182597,0.39635824058184255,0.053742976470568346
0.0722175192590769,-0.3823077205162331,0.24622893288015335,-0.08950422583822865,-0.34799210853605395,0.29006648147137865,0.05020366471937566,-0.35336533796502856,0.10731558618150791,0.08482049605416113,-0.13825196718116675,-0.08546991228799908,0.108520510208238,-0.21699967301213105,0.2936342958965285,-0.08005675870657088,-0.16705292265516472,0.2321181191535486,-0.058879257090353215,-0.18175502129159174,0.24780759715220546,0.05604941715415675,-0.04708680897732897,0.16126946745631082,-0.2740470744926367,0.053744304624656944,0.37244395166183875,-0.3452681095697389,0.11917515231032175,0.34562547659131243,-0.3766016742865969,0.15866977218268793,0.29544609074501305,-0.2360835476766643,0.41697111080980903,0.24058296562001538,-0.11000718197982913,0.10779398935040761,-0.04542291783925771,-0.10735865975714616,0.1827937598420412,-0.04282847332607168,-0.17178932918350578,0.27287093278658936,0.01893128905857686,-0.19685561444005747,0.29395235005046694,0.01772348163234778
-0.020854210902977042,-0.15258167964629737,-0.0028924938942200204,-0.053902172047020545,-0.10571067831288601,0.05416456366270085,0.002575046272629291,-0.10881439800037278,-0.024685434998212543,0.02781522553292137,-0.0860831849314685,-0.06437344931939683,0.045822959795106186,-0.04062799419554445,0.042503215968675685,-0.0871172628439049,0.0023759341761709677,0.03282958358192199,-0.043538112853109386,0.014698233467931138,-0.02306794240656186,-0.03936590260897301,-0.05254783907124813,0.01361860487771461,-0.11075240936278456,0.09778055941036669,0.024437425110205063,-0.23141947469745053,0.08397725172263419,-0.03323077584550794,-0.0953717900697249,0.06882721113615937,0.0151667583694473,-0.13466213176535521,0.13085477948353008,0.023371452808243293,-0.05146940679180343,0.0708847491688237,-0.04200469631922564,-0.012495618846002435,0.07701448519934909,-0.04088954895423184,-0.043693407808295934,0.09459374276866996,-0.02558943232413167,-0.18912771868076675,0.1498846541662569,-0.014990383690290578
-0.012105992926561466,-0.08623840399143362,-0.024307761800639364,-0.04022710917604577,-0.07720444038727087,0.03990533776741186,0.004005703769976719,-0.09604818301205863,-0.03215608069378448,0.026709070199471906,-0.09312331153296045,-0.06799812283032444,0.056228092800409406,0.014420144219261008,-0.008759822769601175,-0.02959749838930559,-0.02040761506275143,-0.008190354010548207,-0.015482982806599349,-0.019553321246072505,-0.009621517611625018,-0.04438902735436177,-0.059465252806943036,-0.007230574050857712,-0.05697033875002181,0.09780225897300976,-0.013408145457145373,-0.06665178493363313,0.01905224771899748,-0.011876477429365656,-0.0440508929508319,0.039805541688100785,0.0059843166919160366,-0.13502351389069497,0.11933443076998008,0.015074234002801013,-0.05359139898566783,0.06250862080995864,-0.05022609310222207,0.004901542002792912,0.06971969461308443,-0.04436754880838858,-0.03836203464636683,0.08673712346890158,-0.03208762124040864,-0.18728079116252852,0.14266698842952,-0.019016297347086226
-0.0120250910138166,-0.08944038630578051,-0.026520352968367144,-0.04039046831310597,-0.07888543197629769,0.04133253661923786,-0.0002806886604926894,-0.08840245942174244,-0.030111049041808415,0.021925210905431883,-0.07905333256375909,-0.06883080012033531,0.04364336479125305,0.019995712655935936,-0.00983449976527678,-0.03189296531483295,-0.016489776905129747,-0.005922686925122897,-0.014768640176846606,-0.018412976709216936,-0.004674591384706237,-0.03876429164175887,-0.045135496483498856,0.0009751816650872058,-0.05855381210014075,0.09110177297379311,-0.017842184840172113,-0.0660358261077853,0.0108923964211689,-0.01555900307493869,-0.04206952221398278,0.040029362572010375,0.0022361408439936755,-0.13557013378345809,0.10974282870886003,0.00792877175771983,-0.05405164932202156,0.06538924024272126,-0.04574683754517102,0.006183688956967211,0.06405709282591511,-0.043063118245979914,-0.03140194822168513,0.07697290718704333,-0.029209210009478754,-0.1921138318207086,0.13867918749871672,-0.023110830321270374
-0.019432477924538963,-0.08080967938220081,-0.026460776595175435,-0.03351039165523995,-0.0791731949597629,0.0355999812608888,0.0014939234157393417,-0.08843506139132266,-0.02854088834221497,0.017078325139786493,-0.08084103750140051,-0.06949370954360737,0.04992013877050701,0.023716764273734477,-0.016312100595954906,-0.027222362342098124,-0.012957406234364664,-0.007001719133924023,-0.014421863580904247,-0.01493904013811962,-0.00989130506301159,-0.042135797276932396,-0.047186692437435,-0.00019751192922525898,-0.05103557820454345,0.10043352509108791,-0.018569148850321564,-0.05384486131750408,0.015538274926335043,-0.01631132946648371,-0.040446269841971694,0.04321038472830399,-0.00026532774727285833,-0.1357436262922538,0.10977286969830508,0.009068892733818364,-0.05084030884106858,0.06378302977720186,-0.04523458131124606,0.004573208041353688,0.0583093916394121,-0.04478097851796853,-0.027231000009442723,0.07737136145625192,-0.03525542753433166,-0.18533876419218356,0.13112391086391642,-0.02511972164175198
-0.017377915717759276,-0.07667294248756906,-0.030584150784503505,-0.03318712556116952,-0.07581072729434642,0.03275130359397472,-0.006158458947704145,-0.08357131867629902,-0.043495828209140094,0.0228501676042978,-0.08258998594941308,-0.06415017052173708,0.04981343882487304,0.025814680489699125,-0.014829779801690294,-0.029666905378782513,-0.01659003661883434,-0.0066936939765725205,-0.012857718286652902,-0.013649911875895747,-0.012794102325420663,-0.045776483190673005,-0.05097023950686783,-0.0032894040483242206,-0.05000634804384144,0.10110134799817182,-0.03015010599429737,-0.0574103453144676,0.015612744127900934,-0.015552887297186376,-0.03461551267511199,0.03662062427633765,-0.00027496419682128,-0.131723827745182,0.11136633281231599,0.005038146433867288,-0.053859396668344744,0.06256537361991417,-0.04600005421908913,0.00806445339895788,0.0599713720452691,-0.036851615003425715,-0.033516539986532805,0.0747467310918993,-0.0378087976477165,-0.18706921216924366,0.13106572660983334,-0.02378590643565574
-0.013447495890322656,-0.0759058496598976,-0.03561332020181912,-0.04051321688074388,-0.07233349535304162,0.026319366823143887,-0.0009261282594368531,-0.07772182350913759,-0.03765364323882932,0.01270035300189845,-0.07559999120275915,-0.06237968473590146,0.049787332781096566,0.023444795185244807,-0.015121346776856039,-0.030806075194889836,-0.01300831402832772,-0.008542118049808124,-0.010072385154414316,-0.012833863936677053,-0.014312971550143837,-0.04738571038567342,-0.04256797358451132,0.00449737639202104,-0.05066463696183611,0.09838235991117569,-0.023351573716362654,-0.051617981947347805,0.017457759742062866,-0.024449721175466593,-0.03301432492095243,0.035060175576976736,-0.001249545758263481,-0.12580344853196473,0.10713283880452983,7.607568355947791e-05,-0.04778219804807301,0.06081179702936327,-0.0411164293335585,0.009159351947762661,0.05247344760435414,-0.049100597922230774,-0.029615448509712726,0.06643426228644532,-0.03581380801645949,-0.183674555513737,0.12654824311243135,-0.024933953647048212
-0.01355655959856179,-0.07973172845134847,-0.033412477846307055,-0.04307483741308272,-0.07218952532745793,0.03022952078356875,0.001368790496950267,-0.07547649327958461,-0.038944119737869924,0.009724571865227625,-0.07560709923817426,-0.06450777090388521,0.04837460908572883,0.029000543994986836,-0.01783875903033787,-0.026464358871941877,-0.015076931236970374,-0.0103250456305666,-0.008129792806167518,-0.01387325090588228,-0.007054314537070376,-0.04509605571406007,-0.03881925876688912,0.004083748801658399,-0.05281601312787353,0.09358063285434332,-0.020716943858669117,-0.052294727410752036,0.012430251514076491,-0.022724855579688577,-0.03466376173385469,0.03905267631816447,-0.009019393543968749,-0.1295910393046004,0.09980689240635175,0.0029352274580518706,-0.04558631612820863,0.059181402237854557,-0.04960290455432024,0.01086164453832155,0.052487487564096054,-0.04859962950294625,-0.023532549163510337,0.06303778374909538,-0.0462287636146223,-0.18181113947223074,0.1298663226323166,-0.029284669970859243
-0.0227693255977656,-0.07443355589587175,-0.03462700909780763,-0.04197514313990505,-0.07378430003935735,0.03735768443934207,0.0016593563336859954,-0.08332728646993619,-0.041374128454345245,0.014962780197262653,-0.07204589464533312,-0.06634559549600463,0.045583036391836695,0.027093128117003745,-0.009235791530188008,-0.038038384736379355,-0.009286932045697237,-0.010104316266639771,-0.005203176686806505,-0.013024225110675513,-0.00970190388976142,-0.04435956943253663,-0.04384597546608982,-0.0020687974852300634,-0.050561659135301265,0.09844887066352855,-0.024509805548814146,-0.050411257613871316,0.010503993648256183,-0.017406226962832512,-0.02968439976089382,0.03515683731853056,-0.004867684512489097,-0.13299409971052345,0.10569618545221832,0.002463543214170825,-0.05053596660115459,0.058148726420235226,-0.04464794595074282,0.007115984080245424,0.056792342790381686,-0.0476656083388052,-0.02925343935245194,0.06790950309037498,-0.03748325299152322,-0.18376847044020014,0.13087221067743876,-0.022851638470826423
-0.010104900511334471,-0.07012610986872995,-0.026256072176549253,-0.035428398043746874,-0.070592020210391,0.03359205714049198,-0.0010371635243651006,-0.07176504231927229,-0.03651906998373847,0.008964588900565628,-0.07033731856846596,-0.05949291711546574,0.04542465897753107,0.024454767806305858,-0.008336111217468507,-0.030475199143164933,-0.007405093954428452,-0.007831979735825768,-0.010312962659007312,-0.012874980994353307,-0.01206973800665628,-0.04537695057684009,-0.042106604766748636,-0.0049578039546309145,-0.04828665695070082,0.09875360898695695,-0.029757968966088892,-0.05169638582068587,0.013897426958803444,-0.018350324944257056,-0.027288490321554195,0.03473151805974561,-0.002655111022743974,-0.1313026027560157,0.10370164479174054,0.0027073694742631997,-0.04842705698024078,0.05375256431403035,-0.04913226357863218,0.008690565800855846,0.04823798124172446,-0.04795884763785056,-0.03037216014385162,0.06145519736313551,-0.0440937911532484,-0.18701545147310314,0.12516524817286778,-0.024960744088090927
-0.013519325876469314,-0.07093975459778849,-0.033376340232174284,-0.03510192122597068,-0.07236083248761882,0.03141152537138343,0.00012976989211435866,-0.07112346221045697,-0.043454677288536164,0.012660468009425841,-0.07383752835245079,-0.06210135750018691,0.047367872774599924,0.019991203631322913,-0.010377812904277268,-0.023154029750111507,-0.011697719716864523,-0.013735965933707888,-0.01199891311089339,-0.009050623582546328,-0.010828084094223011,-0.04511604850975433,-0.041934054776214036,-0.010151248252726544,-0.046500596470610535,0.09414680460796312,-0.03068703186260312,-0.04731217196158942,0.013921635618880152,-0.022202849250023762,-0.02666614258722212,0.0413449260236722,-0.007930366331860677,-0.12747499361033482,0.10722638025223659,-0.00017994010446550988,-0.04695491245076241,0.05506048983693114,-0.04893701465830859,0.010148293289066268,0.05278924781456011,-0.038889266064206424,-0.030658930985550045,0.06266447057691492,-0.04153205261908036,-0.18235833019682943,0.12430739737516615,-0.01695662664992451
-0.009651799283969328,-0.0738475307179521,-0.03733183043720127,-0.03318871134469069,-0.07410003372454392,0.03252922656730685,0.0020101495363588065,-0.06710854577721934,-0.04205580774803376,0.011979537962122725,-0.07209400378655326,-0.057631911369559335,0.04726113178930505,0.022087208950372562,-0.008897341464762825,-0.026066418616428725,-0.013294648982000893,-0.011125344349715644,-0.00993404152519246,-0.011780530006908594,-0.0037652372747672544,-0.044034025098224565,-0.043629733718566856,-0.008561334100482978,-0.04608740222886004,0.094411324113654,-0.03532445483068978,-0.04178086867577512,0.015479877155340747,-0.023748939084724613,-0.029216991697268605,0.03541781226614406,-0.007784076504397546,-0.1313213622304512,0.10560265714216144,0.0027193340569930426,-0.05186903074983169,0.05820054040766365,-0.04841707650113092,0.005853495995285335,0.04285852356891797,-0.037927872085791806,-0.027217065479807828,0.061477285253418466,-0.043795420374274176,-0.18388697033362758,0.12013598418298504,-0.02010009013923682
-0.016920223265062536,-0.0682330628421126,-0.040476411108656685,-0.039250324118982306,-0.06882345782127025,0.031573442434871486,-0.0002547473268742068,-0.06732194580011534,-0.04084646722655951,0.013341606053163025,-0.07558112429917369,-0.06657445975082601,0.04398916842010173,0.01607714064681219,-0.013983524332839527,-0.0268311186470112,-0.010368721524719817,-0.021485611746846635,-0.012243654645058577,-0.010806633848640418,-0.007657039388344318,-0.04632181983839092,-0.038762599520811424,-0.0020325518083811034,-0.04799180983783768,0.09205515799201958,-0.03485865090747603,-0.04018068749509091,0.013771180848429513,-0.02372225664477637,-0.02867567771408756,0.037288859314034355,-0.011534912611595853,-0.13262820362895347,0.10373461687210954,0.00016955678823656477,-0.04524887938934149,0.05213945552264964,-0.04853100415018372,0.009632745782922312,0.05142086891097521,-0.03714414996691057,-0.018584050449161105,0.06515013410351098,-0.03521938375772066,-0.1823184406703974,0.1258849969514133,-0.01786403227580694
-0.009592691295575237,-0.07017781853529144,-0.038445594902884156,-0.034780149241455394,-0.06728418996224347,0.02834233402548035,-0.00901676000728024,-0.06398002747331265,-0.03755892439739365,0.013381642360841392,-0.07734363065819165,-0.0668535539995867,0.04170010923759079,0.024455075132580318,-0.007796395701671506,-0.028784314750588787,-0.013598807475347956,-0.015760955139172667,-0.00808710106887851,-0.008711951934944147,-0.009848541546690947,-0.04857174443212788,-0.036958569301056544,-0.011051843960050293,-0.04612567906965786,0.09208817406754645,-0.0354818716234516,-0.043746493444609034,0.013846474089091947,-0.02296220510940014,-0.02309096147156204,0.03687252761232016,-0.011970407807144853,-0.12758961357234389,0.10155380814304538,0.0009157764987406797,-0.03937157029537915,0.05459154797826203,-0.04482886233489203,0.009921629050044997,0.04995660828631659,-0.038466934338336395,-0.019377203352910117,0.06087747545780719,-0.03232273044741691,-0.18200990612834267,0.12197314398579799,-0.024744462327185374
-0.00993870004037646,-0.06262985553573787,-0.02957742750433077,-0.03494150579386109,-0.06896708762903485,0.029765563526048793,0.0026235578582077253,-0.07077972736626821,-0.046050615251295016,0.006510246174559577,-0.0650322963244553,-0.06500380620134569,0.04941503112040603,0.024998316304655738,-0.011258451778088733,-0.02889409156181512,-0.015466477398153208,-0.01599468310313157,-0.009461908713524352,-0.013415182455309873,-0.0073192175934951,-0.04903760875625414,-0.03882055861798702,-0.009081395277747062,-0.046190711227445634,0.09434517541528853,-0.03416494899650339,-0.03442122824880996,0.013707579294965376,-0.026411576622678515,-0.02650487072369622,0.028903463872192746,-0.006123436039692179,-0.12541534243825314,0.10327072823727487,-0.0022434965014705263,-0.04931484864519611,0.048146917241285184,-0.054432248195428044,0.011624622482509842,0.042603470174445546,-0.04609210403985152,-0.02750130146782111,0.06268490809172118,-0.04123366806106465,-0.18567086846425204,0.11997839209115997,-0.01756669651097439
-0.015254649270748485,-0.06710191829521617,-0.03580158927526897,-0.044042399288809625,-0.06688202331624309,0.036755934652166956,0.00389848656905594,-0.0630967281958587,-0.040657924544935185,0.01028598396075076,-0.0720620765000176,-0.06815037080399652,0.04214836787356839,0.02999972310293657,-0.010787379057131244,-0.03272550461768139,-0.00974380599810597,-0.014763029196389464,-0.008129792806167518,-0.01387325090588228,-0.007054314537070376,-0.04370713257471412,-0.03636139862898417,-0.016044400248905584,-0.04601071583286287,0.0990587549169367,-0.03500851779020057,-0.0475931082865043,0.014141230698898563,-0.027497720970824688,-0.022945736710012342,0.03382644009342406,-0.012248797728607647,-0.13745853129274702,0.10208314795582568,-0.0017426416809149237,-0.04634795130907769,0.04657745756606324,-0.05063385821870273,0.00983031613112438,0.04974990151249458,-0.045106785030794704,-0.019100117100483816,0.05899155568702826,-0.04605852757594191,-0.18863857052026392,0.11931455629855833,-0.025996481962033087
-0.011559398932740472,-0.06536013432298746,-0.03534436220993618,-0.036852933391690414,-0.06722666342555744,0.02864471348640071,-0.003566788663786114,-0.07413808236450262,-0.03384291326740607,0.010246265538550917,-0.07029874511708471,-0.06787377083259687,0.04243886786081195,0.03290998534715121,-0.012877413307286303,-0.02487324976322393,-0.007946529115707339,-0.013528472642567112,-0.007602188782678323,-0.008626890544810181,-0.014335958425532635,-0.04586288128632127,-0.038462483429166826,-0.011115498109049585,-0.04413732824878474,0.10600941821597636,-0.03398002169565327,-0.03830791947012291,0.012095289474636233,-0.02472591050129887,-0.027881463968466826,0.03145842033182226,-0.015006058543540228,-0.13257184728034024,0.0980315245624483,0.00013827341470446655,-0.04976830637666587,0.05102764131248141,-0.0499811755725337,0.010559260634103968,0.042731655435662805,-0.042006584695884974,-0.02858760666524612,0.058261563082295506,-0.036217476603702496,-0.18010514571953512,0.12086033939789206,-0.029975113175436174
-0.015254649270748485,-0.06710191829521617,-0.03580158927526897,-0.03303097034927747,-0.06899578513244456,0.03066368152751996,0.00781736410672619,-0.06900714918403716,-0.04004947730396405,0.011828969416680784,-0.06499879000086307,-0.06736333024237455,0.04643057180324898,0.033463321616841735,-0.015794866872467377,-0.018169465176746502,-0.0025702121964374914,-0.014178536835453889,-0.00781258008330052,-0.00522413663706014,-0.013954656777373746,-0.04748292142672669,-0.03866301253610294,-0.009449180943514353,-0.04533625653052855,0.09029079800868345,-0.0449215478637438,-0.045628097045644606,0.015774818072495467,-0.02828297608491253,-0.02039738428259083,0.033487415124800336,-0.011009320975060102,-0.1313538526651834,0.09781876826403457,-0.007862795517251596,-0.04197830876365513,0.05329078888419217,-0.05194658534215974,0.010941741356443784,0.046756438168060646,-0.049797006279456976,-0.02620670604787123,0.05860819804349081,-0.04135944506646169,-0.18535047764701357,0.12059251404239282,-0.024769622921029567
-0.011230284167649904,-0.06427218354399467,-0.04310801274102136,-0.036244601979840294,-0.06360394885005835,0.03871010546234097,-0.0006817895295485222,-0.06554931945772609,-0.038154485642047105,0.00842579103279093,-0.06501684099861287,-0.06672051916268117,0.046087381116391504,0.025813777447022335,-0.014287165504936533,-0.029073260601812003,-0.013514455871358175,-0.014729573425151504,-0.009199348258063343,-0.009937181252058534,-0.011423278531547147,-0.04336887856892876,-0.04164350130916738,-0.014422939607538042,-0.04391173900120532,0.09464477298884198,-0.03942452372854339,-0.029707420392532744,0.015166957260546626,-0.02486994934887987,-0.023624124492379227,0.041267935428345,-0.009605773549843339,-0.12726166820284776,0.10339418127702693,-0.0013537888037650667,-0.04616275782407767,0.05349322902242821,-0.06012830347160603,0.012157400779201891,0.042539370103299265,-0.048135295564323256,-0.023500284803100565,0.05908761783289021,-0.04862164964572451,-0.18504232078313956,0.11668056319017273,-0.03164887245696848
-0.0151996010273289,-0.06518566602166721,-0.03689587827357645,-0.04099667296004693,-0.06197499632119832,0.028576586775075824,0.0026109937743953615,-0.060764970699523815,-0.04508065454842376,0.012802440953818552,-0.07026307856258329,-0.07379381095572606,0.04467365507467382,0.03136430031587768,-0.017007412918772336,-0.02666011431594537,-0.0003725460981077626,-0.011809202050671087,-0.006892206884677409,-0.010222964860294254,-0.020136971606672185,-0.04391565392867991,-0.03804646057225216,-0.019276568525258546,-0.03938488675258668,0.09175770931290579,-0.029861390651900785,-0.03785515506218356,0.00885164470276614,-0.027003194076224632,-0.026352521801538752,0.03838600481058615,-0.009181941552482248,-0.12570184355982997,0.09762939753936682,-8.0551254338003e-06,-0.04658539619303277,0.050802850730488874,-0.050840564622442054,0.01375612515923447,0.042347040127709824,-0.05426659754769234,-0.02370570050277472,0.05836725128577643,-0.03682903937715688,-0.18520231670866322,0.11637432533463678,-0.028044784558335246
-0.013370835688536658,-0.06871479933686672,-0.03669143800279082,-0.02632498513478744,-0.06754284988733376,0.025928432446667232,0.0035508238805973466,-0.06025040102762323,-0.050634286036655735,0.005987764319365611,-0.07034289532960765,-0.06163215194221021,0.04068231611002536,0.030813574062259978,-0.014089530150646902,-0.02143236243358562,-0.015446487557109782,-0.013932923987139937,-0.009782686273954793,-0.0066053511478513394,-0.0076751899658040745,-0.04612502555906041,-0.038634100225283886,-0.0059243593160424185,-0.047603923270087264,0.0968973004167146,-0.0380274592725435,-0.04045995145491093,0.013990817190032789,-0.029017623805951118,-0.02152318508226422,0.0321775046639826,-0.012254196620104768,-0.1268324591911758,0.09573047817751977,-0.0037015486596682938,-0.04606203006636691,0.049293780775094796,-0.057804343052416524,0.010921642029355468,0.04818914501379584,-0.049498020430710714,-0.021368140868682772,0.057375699239134104,-0.0424155815976034,-0.18505620608887308,0.11815506703710633,-0.0313580831590063
-0.01132433494943916,-0.0645831115302739,-0.04088922145818508,-0.036364580393967214,-0.06902456235561985,0.02526184106661296,0.0010421656259491843,-0.06058962073457374,-0.04803318412681214,0.0030881866081130635,-0.07387547213320832,-0.06430562928675909,0.041130688847810605,0.03636234329928926,-0.01708062417438872,-0.028414187919789523,-0.0023055451939659093,-0.013318258825230429,-0.007090029574757543,-0.007504167077230716,-0.007154094628166071,-0.04480508134961799,-0.043271523479233735,-0.023779587256574204,-0.04428782180011008,0.09670510321619659,-0.034625298054063565,-0.03968612080292458,0.012434922227266765,-0.03222232447044571,-0.024126915597068435,0.04030678048909393,-0.014743038343792722,-0.13443897323972487,0.10005593462550182,0.0010391677071131624,-0.05121731611821032,0.05388666224584913,-0.054586074771016256,0.014005917435898857,0.04374724194148213,-0.05499361447783732,-0.02330756094392333,0.055890695544960275,-0.04089011391211534,-0.1887176165687457,0.11616327147671977,-0.02417661345071663
-0.014926148334638923,-0.06601361763860773,-0.043558918245788496,-0.028571474464160952,-0.06232171278363647,0.026781548392740755,-0.00240381120815971,-0.06144313335368454,-0.03988196110685935,0.01807944127371483,-0.06846364968796975,-0.07589383955828541,0.05731955172468651,0.030565296943351892,-0.015333200601556183,-0.02874371730968608,-0.00791066111176065,-0.014025406754156377,-0.011873581248517383,-0.0073142434164690405,-0.01287811901473482,-0.04484320664431444,-0.04020554234024046,-0.008221760179661586,-0.038794902071369985,0.10367459832190067,-0.033655175633691435,-0.03995380143594928,0.012149633019083719,-0.024862099462501105,-0.018743816606154817,0.04132653815480887,-0.014066120012829763,-0.13027893533769802,0.10542184590517045,-0.00413207723013791,-0.047660389766813235,0.048018451769289074,-0.055907056214396414,0.018777993437000748,0.048121639451224336,-0.05156562504268147,-0.023760012978736637,0.05174271215523379,-0.040099663041499665,-0.18501439909782025,0.11373209363315477,-0.03222923097426009
-0.015128308263077029,-0.05974585551513617,-0.03796147232788229,-0.02998241367865137,-0.06751376813419584,0.02292817235504921,0.00025473754915859034,-0.06503547778950633,-0.04370431577292507,0.00889225807570425,-0.06676754509937313,-0.06978929758522626,0.040656646402726426,0.02844867369937507,-0.014378847704663042,-0.02633977328825078,-0.009964736424695754,-0.016073392465085715,-0.003951589418693561,-0.0031504889618803834,-0.01280077996286192,-0.04511507864272003,-0.03331239961750536,-0.004037097013293267,-0.0420511557340915,0.08776315050578619,-0.041696048818532366,-0.029482505051310268,0.013544510861196828,-0.026006585306904032,-0.02156011266221915,0.03996762042943915,-0.013501913577315285,-0.12524140125649594,0.10324054983162077,-0.003386278529235737,-0.04175914432986231,0.04905921713109911,-0.051695793885465115,0.018898942864018338,0.044036512451867786,-0.045793569688925485,-0.02148468735971055,0.0586463607403768,-0.040913577355877445,-0.17832924608759612,0.11048593352983362,-0.03214128892024862
-0.013160799385554285,-0.06281277262616479,-0.04110070792911477,-0.03510924501981201,-0.06209157663019492,0.030082931285518578,0.0028902913784410625,-0.058606888445845585,-0.04655126373361321,0.012802440953818552,-0.07026307856258329,-0.07379381095572606,0.04387873260951242,0.029729939113559662,-0.00986600722010637,-0.02505353341053163,-0.005995047510953545,-0.012265395204928793,-0.008810980224426458,-0.006432702452235043,-0.01665062779088274,-0.04419016435302839,-0.03977407139300816,-0.021210643758028537,-0.0401797743304191,0.09471443139816245,-0.040667564501389336,-0.03274283116605956,0.005410428189797748,-0.027832395527122005,-0.023163677336393296,0.03839574774636687,-0.01183077278986716,-0.13022089566154835,0.09971799845034636,-0.004171223078859906,-0.04378926042379049,0.05205693769411611,-0.04685610566379953,0.01544431146188761,0.042363754125329306,-0.053752900861804606,-0.022132042034469113,0.05769544573958219,-0.047857890092950744,-0.18682845436742676,0.12252369824921062,-0.029148804254503835
-0.011566175039165407,-0.06711909007730536,-0.03534850805999287,-0.03221667872750354,-0.06913941943672576,0.02465396748462044,0.003800425314160091,-0.05714048128990128,-0.03951837064452448,0.010127542280349606,-0.06500787382766662,-0.06704177721121923,0.043233365743158676,0.03454640798182712,-0.020019847197131284,-0.026410456112259173,-0.00614502712089905,-0.014576380697810306,-0.0050883244602876855,-0.00439132035569441,-0.014369397672132604,-0.04389486862425696,-0.03493212243632085,-0.0050295752023339965,-0.04956391072262508,0.08532634018581414,-0.03933064422513785,-0.038219301116020225,0.015658126857584866,-0.030838677751838815,-0.023163677336393296,0.03839574774636687,-0.01183077278986716,-0.12807185726918022,0.0978438513926857,0.004314328945874791,-0.046195406060404655,0.04932387937083424,-0.05569412773052127,0.011268735835493437,0.042426479506941756,-0.05171442369091336,-0.022455587296495622,0.057562144455148685,-0.04574009008319641,-0.18215441160188833,0.11419249009803638,-0.021395729506871512
-0.01524649142272655,-0.06534116571672889,-0.03578785544365869,-0.0325424573139495,-0.06908197707678716,0.027058215381818282,0.0036861181085228395,-0.054160786926585734,-0.05088113128296039,0.012549012576930767,-0.06850611644224122,-0.0721152549392733,0.04525593544768123,0.03719313082277271,-0.02118757632752082,-0.030322462354835107,-0.011798349473652969,-0.01681243573201253,-0.006075596366199008,-0.0038797512876438105,-0.017994942192337708,-0.048906703855007706,-0.038734866355952954,-0.011676921839054048,-0.045532723224757106,0.09706710909657865,-0.040964769568307836,-0.038912509544457415,0.010878556959147996,-0.03542685571084018,-0.019235924673380065,0.032572540694579225,-0.01795844492093661,-0.12546483757772556,0.09189822592744916,-0.0011993872403837304,-0.04376039454494228,0.05483799970140179,-0.04982615218531037,0.020206830508492344,0.048168687724078195,-0.050037183322159784,-0.027577118574909944,0.05539398051402241,-0.033780704617013504,-0.18723953429899037,0.1142349404713353,-0.019796922357017854
-0.013269449458641922,-0.06664436328466199,-0.0388998386522445,-0.03636634949871761,-0.06560048567192978,0.024817260244336475,0.00859199269262458,-0.05659474569858998,-0.04333365740784786,0.020411248810226056,-0.06847745481898782,-0.06955662547886393,0.04677641049485349,0.02954358803877466,-0.019949785096122382,-0.033703260478248225,0.0014084340035569287,-0.014591312416040997,-0.006016524878782733,-0.009036318150950028,-0.016318794097985784,-0.04606961721563727,-0.04014942054835447,-0.014342358252909006,-0.040422522710221405,0.09225282726203902,-0.03851375507389112,-0.037492612590616405,0.012446589860655086,-0.03415081994228977,-0.019458764065035612,0.03400895803857123,-0.016846140730726683,-0.1295517552567057,0.09600599083439139,0.002910085064207311,-0.04182601544580932,0.04907429655887208,-0.050641099597567074,0.015000278399302229,0.042636771517036404,-0.0450656808470202,-0.027172561118761096,0.04762097131572819,-0.040661179010139666,-0.18672016391301846,0.11672820662333509,-0.031515746164928186
-0.016914389362394505,-0.057814847662292404,-0.03925734747242701,-0.026169952698370604,-0.06414814945745281,0.02429319416524312,0.0010592875741973712,-0.04853138673249138,-0.047129367585517834,0.012161557618506376,-0.07028275009327668,-0.06959954238623738,0.05087635319127137,0.027994459641578314,-0.02435810854421425,-0.02921104906926651,-0.005873983539676582,-0.011724723809820098,-0.007778531384026623,-0.0017761714355081393,-0.015816523810371894,-0.039845934114262196,-0.03246899509966733,-0.01679756191448384,-0.04035124082788004,0.09691128361849144,-0.03818137488355626,-0.03063294895538959,0.012261787420321945,-0.034639927245712875,-0.017890479488285944,0.04023905417401693,-0.019071586094659445,-0.12122141487403683,0.0896605075171482,-0.006454165038694423,-0.042895540836820095,0.047677366652886626,-0.05716838317575563,0.015341203806762231,0.0442444571485399,-0.03915364976467812,-0.024200002878675346,0.05288060046195498,-0.03648328531009391,-0.18508170936796392,0.11510426491739786,-0.030737737525150147
-0.016791650607541043,-0.0608730747611766,-0.04262181100880799,-0.030965348777320746,-0.06391888361859509,0.029702895818436752,0.002376128616256141,-0.0608935603105753,-0.04369262230779095,0.008022442855597346,-0.07561675824958561,-0.0641740957054979,0.04661776084522426,0.02690213388349877,-0.01904996739474178,-0.02740916492622336,-0.01020016290134031,-0.019421083953857013,-0.0037345854240267715,-0.004836788813383461,-0.014111683618996467,-0.0473519683507332,-0.03857722157718802,-0.012045023510437554,-0.05034206784667639,0.09516620206331915,-0.04854504243610141,-0.0347469920464669,0.012271738277177549,-0.03181403804522155,-0.018613715521125458,0.038279123025155695,-0.01434739230560226,-0.12730837506974677,0.09751142661543102,-0.011941159241480823,-0.043655426198930966,0.052027172092272506,-0.04896589700170319,0.012460914636440836,0.03964303621191665,-0.04974961434717527,-0.022399600325007724,0.05035603653157897,-0.039333972295012634,-0.1818868769073009,0.11470199445219333,-0.027400475700953848
-0.013030245917367437,-0.05369431274371547,-0.04327293446788218,-0.03478441357150308,-0.06214839314729333,0.027680032685193548,-0.0018959258801152276,-0.059154650925237945,-0.04273801271047348,0.012002988677662403,-0.06322822970422219,-0.06847928371101564,0.04315281653169517,0.03900842424616999,-0.018247187296100406,-0.0221783524617467,-0.010083804149371626,-0.016603422625565807,-0.0010271065906893903,-0.0057278300174447225,-0.01359711114256228,-0.04503946489914171,-0.04033458749294108,-0.004327967339326185,-0.04518492596618345,0.09959264046048036,-0.04428518829523724,-0.03145790193485909,0.01241533950196395,-0.03787363553258084,-0.019771736902546487,0.03383506400397304,-0.014900248801842134,-0.1263512843078732,0.09944097688797843,-0.007100914144158064,-0.04469546983658879,0.046448140572872415,-0.05210345732069132,0.012600959304484535,0.04226616022055811,-0.05682496955585085,-0.020327936519671824,0.055168066925527545,-0.05071415789604136,-0.18877090198438057,0.11606125147067586,-0.022975971675101896
-0.013052294826910105,-0.058979440179434135,-0.043301947538299905,-0.03494543165226506,-0.06383198852036906,0.029101981013344352,-0.004676001898538153,-0.061653629957439254,-0.03867117817678915,0.006240805028053107,-0.07209993583174937,-0.06329957009878268,0.04491276052489746,0.029541366089583274,-0.019679609993920308,-0.026323527823292326,-0.0067161841441833355,-0.022052805206809196,-0.006197759766856917,-0.003901801940568619,-0.01687233252828134,-0.04730213592604488,-0.031458769286418886,-0.0143612692757249,-0.045456531250965326,0.1017179463509861,-0.04064623540342004,-0.03337442655022119,0.012184303123748328,-0.030645939646570152,-0.016753032748939054,0.0337564867295975,-0.016580040993476756,-0.13046385331888655,0.09576532435331964,-0.013594381712747655,-0.043042681809572256,0.04631862335244381,-0.0535733976828194,0.010092166330659012,0.04377859505363893,-0.05397320262638302,-0.020305660743479486,0.05191072959251276,-0.0419198634783209,-0.1816336896167982,0.11668676041995138,-0.03311777298219291
-0.013099181870593949,-0.05913521456269119,-0.04219225610048347,-0.02759747727439894,-0.060779577065974824,0.019351478849452052,-0.00013137710681984844,-0.06123263296749055,-0.04109314848783904,0.013142504535766755,-0.06676639965253524,-0.06517350423907593,0.044279605801226925,0.018985019527240708,-0.016076063879795637,-0.030789506651015052,-0.009761270888248436,-0.014511630297100973,-0.007447122604105099,-0.0051586765881060015,-0.017321678666945176,-0.045328543638662594,-0.03656062288536147,-0.01437922565915927,-0.041802557670184363,0.0971407843488471,-0.04220165145706856,-0.030779410870946194,0.007294069869865468,-0.03495207563384457,-0.020287773826864634,0.03823091587804927,-0.012535586834755657,-0.12613564880303568,0.09560873035189901,-0.008277108635664351,-0.04600562433390273,0.04788978607005519,-0.057382205493504285,0.017956608473336213,0.03942138634623856,-0.0568868389630681,-0.020352186803303914,0.050574485891110216,-0.04236120157538855,-0.1834713945835275,0.11642854384830938,-0.029379326756028938
-0.0073908557917939524,-0.06030941788074014,-0.0460151358561525,-0.035435262072938366,-0.06032283686213835,0.03226513807123238,0.0020249200389753945,-0.058044126265964065,-0.05367011533038335,0.0095724314509564,-0.06851168639596371,-0.07425768919147097,0.04845517355783685,0.024533205964883537,-0.019612593045013817,-0.02174739033950743,-0.0026157446101356535,-0.015693519512640603,-0.005931407807703733,-0.0021301526537724513,-0.020050232756181174,-0.045940596074300004,-0.031434755041042504,-0.010828205707245374,-0.048785855212984286,0.09500297303777636,-0.045683544729759454,-0.03968612080292458,0.012434922227266765,-0.03222232447044571,-0.019771736902546487,0.03383506400397304,-0.014900248801842134,-0.12600317271534306,0.09938037755513252,-0.009388330275191216,-0.046138831992587566,0.04792005573887734,-0.05527252208312097,0.021397696072574034,0.04252634952008869,-0.04863523329605491,-0.022399600325007724,0.05035603653157897,-0.039333972295012634,-0.1820050559753344,0.10997526866163047,-0.024665067679487184
-0.015018443518335018,-0.055909816336283676,-0.040149614330461846,-0.03717841932039908,-0.06545764766335513,0.030825329483635654,0.007442725089006262,-0.058187749607344366,-0.04897821381617957,0.00748260601212428,-0.07029798954602309,-0.0714103296264776,0.05050391547176317,0.02954798103058384,-0.02049184808480792,-0.02552234770385362,-0.0039593342141818,-0.009968698270513542,-0.0018916470448885642,-0.0051946774382246414,-0.018344530489798564,-0.048906703855007706,-0.038734866355952954,-0.011676921839054048,-0.03990435517599861,0.09258300607423411,-0.04431497531235395,-0.03135725018258997,0.01547448854041209,-0.03133242347698048,-0.02021998366467156,0.03670756512431688,-0.012675565333074613,-0.1256341095203985,0.09741856075497662,-0.011693339930474531,-0.03689746053992394,0.04590571779354993,-0.052074254304361356,0.016052251638909363,0.043940042652765424,-0.04885930153997141,-0.023846318926287184,0.04906645621208653,-0.04098173962704807,-0.18683822751242532,0.1120013685142741,-0.02878151119920135
-0.00749025286609199,-0.06237881835128084,-0.04378724941960929,-0.029379611635568462,-0.06560234430237548,0.033224639122844984,0.01519171320754017,-0.05609766195405649,-0.04558929270908595,0.006970489845987738,-0.06682636001449627,-0.05722579907141792,0.04627189850366802,0.030822074480273,-0.014895855025699158,-0.024692778599338897,-0.009897926244829896,-0.014790595070997883,-0.0016935147549142786,-0.002391441791155037,-0.008734505475201207,-0.0517498519356372,-0.037313221266602935,-0.009025436048744685,-0.03997261693765927,0.09484704599975159,-0.04298778036066665,-0.030261297426355364,0.0156073015502348,-0.03546325647290927,-0.017474450802196468,0.03958944307606824,-0.013100573222618627,-0.12509038964631183,0.09542620452626216,-0.015144389699844009,-0.04195972522517118,0.04910444720299412,-0.04853195895666936,0.012656739092223456,0.03796840076937004,-0.057713701968994585,-0.019754840983671033,0.049505384070847584,-0.047037624722321376,-0.1867734292940557,0.11662611490992104,-0.030314333774888937
-0.005604405457742747,-0.06399171144651807,-0.044673291325076483,-0.03304070522229648,-0.06043737900078296,0.02956487571803747,0.009955068994681881,-0.05784947318482934,-0.051581241357649694,0.005869822587838867,-0.06505200287225106,-0.060817727499139114,0.04651113768728248,0.028998594663529855,-0.017568136013758312,-0.020713746964933295,-0.008066569092895565,-0.01406431735541661,-0.003245573347019113,-0.0047489818979929875,-0.018601950594833945,-0.04411198882791339,-0.03817571734613031,-0.015379868188904165,-0.0349623929464561,0.09688745091702239,-0.03772072925127956,-0.027937621053400887,0.010430732108320628,-0.032407352160425645,-0.021018805540056227,0.03870566152492876,-0.016560497487583314,-0.12400270279153476,0.10112804777863771,-0.011408480588038129,-0.042909347845952746,0.04628812966400854,-0.05568238369413322,0.0169057948014242,0.038118314813654484,-0.05309177562309701,-0.024843502278168717,0.051925810521297355,-0.04342395280695104,-0.17495004938250344,0.11343878919421481,-0.033034151987456815
-0.01149885099201499,-0.061685913287718,-0.03644392978360247,-0.037828534641900134,-0.06192009625368722,0.035185654090179326,-4.9250469777453555e-05,-0.05717176101283366,-0.04125557321855911,0.009953491088050647,-0.0667782441072083,-0.06592293226061026,0.04257125611651633,0.03318256290794397,-0.01406754694728396,-0.028056532293311943,-0.006210882192388859,-0.015855479277882258,-0.005365426555664159,-0.005475572278538525,-0.023798956415261353,-0.05020009523836643,-0.038721031876828446,-0.016501534667662285,-0.04217971974213265,0.09920259919061233,-0.03739862626350545,-0.036167213660796005,0.010703704627616665,-0.03308868251735735,-0.018041649981099476,0.0323594144043418,-0.016852381404337136,-0.12630985357879637,0.09563916251266448,-0.007133021586656058,-0.04500564821196176,0.04930100403994689,-0.049790500626184064,0.020242670213367026,0.04244572432159911,-0.051191375784242044,-0.028214821925408896,0.04914246421394169,-0.04354546492719706,-0.1836430421738981,0.11159924952301674,-0.0254439651672063
-0.011183253379226264,-0.06411669407888493,-0.044217590007483085,-0.03335826380344344,-0.06722708881111691,0.032846106547749436,0.007578619824434417,-0.062113961675030624,-0.0501985492910578,0.012588815690112023,-0.0702696537202252,-0.07239552626855691,0.04522986256212728,0.03482407472226309,-0.021479194468247347,-0.025870631930804168,-0.01200085436889411,-0.018368460394843113,-0.001987040026141091,-0.010392501145047769,-0.015536184646481856,-0.050396194253339334,-0.0388496355261185,-0.012607172247032068,-0.04000517849389663,0.09944153417505475,-0.04149338968067492,-0.03178032093582245,0.010726213738614375,-0.03694558955044361,-0.013119764079090383,0.03625060083821551,-0.013955474764943477,-0.12568110866419768,0.09572907694493632,-2.4131371311629044e-05,-0.04495050371479862,0.04789721583156905,-0.04936560874007391,0.0099799094387762,0.03972177331779848,-0.047203561805117776,-0.025403817066665578,0.05433672177924959,-0.0383063073247589,-0.18353615526440067,0.11180261814148307,-0.02784623118744039
-0.013232376768646003,-0.057841303378345824,-0.03885387330987246,-0.03287609447004544,-0.0621777704927637,0.028582377252511008,0.0009334435381263238,-0.05462602313921003,-0.04688894853881727,0.006549567397474844,-0.06679626303249024,-0.06527677926447507,0.04470265260630772,0.02216590276524398,-0.019359367243513396,-0.021250081663257883,-0.017396456209955793,-0.015187418104246852,-0.003216379676939424,-0.0030171726317557244,-0.0195366465843967,-0.047221086160368735,-0.03849134936053586,-0.014641455253396588,-0.03513648629212428,0.0990886089811851,-0.03522738231693734,-0.03145790193485909,0.01241533950196395,-0.03787363553258084,-0.015993707064749688,0.03885043152009609,-0.02199858911116091,-0.1328356453689373,0.09597993077095936,-0.009265631731711547,-0.04342937695253813,0.04779861332003604,-0.04873163380391054,0.02088903779976613,0.038299860379207164,-0.04745271254161979,-0.020029986768397068,0.050707971243499544,-0.044478679082848985,-0.1833617867763904,0.11063383280232345,-0.03173961325481345
-0.01130432903605409,-0.059303496122962665,-0.040877201587533656,-0.03161164602479052,-0.06722727744521297,0.03494644792400283,-9.030177066593378e-05,-0.059202329996786145,-0.0411745637975457,0.014416010342287676,-0.06677029826296237,-0.06270405526722525,0.045442946984184635,0.03063160735825529,-0.024443967771103046,-0.02478560044206718,-0.008518179054344013,-0.021003400504462064,-0.006959737114107689,-0.005071319123747534,-0.021812365283255895,-0.05133274724792574,-0.04413863494617829,-0.015771986838295574,-0.04715226132234761,0.09948698203950931,-0.0425100825513147,-0.03232782703464908,0.010660392753873028,-0.03488049656065592,-0.014001967869013412,0.03907306241427608,-0.02575942184031573,-0.1274411112718015,0.09373956127313422,-0.01082698868430773,-0.048928086420687446,0.04528120483478465,-0.05782656348697367,0.019994797874941846,0.03961651999467108,-0.050745745031106,-0.0193852895325454,0.05097493765437332,-0.0487146645861774,-0.18344339379048497,0.11348002512877886,-0.02995949293917917
-0.011136218992449948,-0.06396118763246181,-0.04532728835730721,-0.028900610075636945,-0.06055310042072547,0.028968341547288345,0.0013620181024334406,-0.056399547629396515,-0.04958511052493672,0.012683168304667846,-0.06497183845950875,-0.07295076748337666,0.04698742982134898,0.036925429917814084,-0.020265308942724086,-0.028454993585062698,-0.007994916934800722,-0.015057783742008744,-0.0062987671480281135,-0.002197124176584842,-0.016681886950076618,-0.0476881920404749,-0.04035177018590964,-0.012672382867371646,-0.03800251922830081,0.09494820517608962,-0.044770279947638526,-0.029762209724652974,0.014017233894587887,-0.03763374180010004,-0.016186839115965523,0.03562807789105085,-0.020332779281633424,-0.12880889401413134,0.09757396412629936,-0.013333458216924665,-0.045388659626924656,0.040797604374725634,-0.06054431923487914,0.01565106403201286,0.039919686835357536,-0.04105291665131805,-0.021272877900903157,0.050823546520636934,-0.04674479901130266,-0.18668938094547569,0.1077851212694795,-0.03205042726913922
-0.014932973511409497,-0.057360401388741884,-0.04238337325261754,-0.03620708925589547,-0.06049154960105979,0.022951393982010456,0.004977771468289497,-0.05649725691312679,-0.04645877596727883,0.011401854884302088,-0.06501215788707551,-0.0645707826059109,0.04842913592705904,0.02216343893164328,-0.01990366449224439,-0.02344325876173053,-0.011613472538736935,-0.012704677334534733,-0.0004644884976951419,-0.0021675881958517465,-0.019960824681343154,-0.04844909492497369,-0.03843430353415297,-0.020765904564910672,-0.039937187036810894,0.09717752368732094,-0.04282066176123635,-0.02876186881745822,0.010584040022620212,-0.035640690427844006,-0.017665202212489187,0.031009803580347498,-0.01893777658861053,-0.1351886876003702,0.09429347127423199,-0.0049477752781851864,-0.05044615340859014,0.0453801391924327,-0.05847076473267245,0.017754450724100646,0.04252523450706953,-0.04863895492961482,-0.023525048452802972,0.049200191667413656,-0.04309895071407143,-0.1849721388852104,0.10931073463975106,-0.033096718553615644
-0.011210443342481818,-0.058992093436907776,-0.04309717023281138,-0.03287820394197075,-0.06046570568011624,0.028363420909546817,0.003539970115384345,-0.05022861128496162,-0.04965459717699257,0.00455528695828387,-0.06328337860614754,-0.0630172096949361,0.04467365507467382,0.03136430031587768,-0.017007412918772336,-0.025037226578110888,-0.002745518288863309,-0.018243373678107667,-0.004328855260726818,-0.00252906609673526,-0.022039338196873277,-0.047221086160368735,-0.03849134936053586,-0.014641455253396588,-0.0452228249644705,0.09726661449199732,-0.04444482991484667,-0.024272804935237556,0.013920060813158362,-0.03929571637859798,-0.018048179620249256,0.04015177450056615,-0.018098506772842665,-0.1258082438007418,0.0974489178765647,-0.010549081105695086,-0.04316254543476492,0.04773801188359175,-0.05294934733010411,0.014161274765335944,0.03822880159914354,-0.049526511232653586,-0.023716743793940582,0.052393680153742926,-0.050836738228435846,-0.1834402143715083,0.1074837783787308,-0.029913405866726524
-0.014855346887545478,-0.06057314095895787,-0.04462983752381185,-0.026651509014112673,-0.0674855670106016,0.028332789817872333,0.0008914474555717705,-0.05665703658162009,-0.04680799707919722,0.01093532824956527,-0.06326192063258104,-0.061500290248054194,0.04267782234932485,0.031088785940062178,-0.015548070162142595,-0.026050760841199824,-0.010048996428526994,-0.017105388838373058,-0.003001020658056634,-0.0047050452692607705,-0.020847651552845032,-0.04757201162635541,-0.03319253478385787,-0.01628650603626248,-0.041424773701078665,0.09507742506316329,-0.047007399005604085,-0.03424757998044415,0.01068206641290326,-0.03398446531205692,-0.020742770451221585,0.03261184372793289,-0.017118514504595853,-0.12630985357879637,0.09563916251266448,-0.007133021586656058,-0.04149155169096698,0.048998872048594204,-0.05591539748671847,0.019452647750295256,0.04111120601536412,-0.04841488816253653,-0.023877783583196952,0.05232684270829835,-0.04977751126040756,-0.18503961417580939,0.11068272028642444,-0.0316063320588855
-0.011471585681168406,-0.05464508961917393,-0.036420554111915256,-0.03494150579386109,-0.06896708762903485,0.029765563526048793,0.004742228342734596,-0.056625944034020624,-0.04507039439758781,0.009105775305351782,-0.0667609202050833,-0.07118621768456947,0.044092011365049186,0.025541498732702873,-0.012826347791417033,-0.021889033584849258,-0.010168013263546119,-0.017635202012927193,-0.004511766485192722,-0.005322743028722014,-0.031662638648883926,-0.0490606159863892,-0.031737543618255724,-0.010113741384381151,-0.047229864813046966,0.09483958714558134,-0.042823023511681255,-0.028438610185566406,0.012273262308665994,-0.03656978662552193,-0.013216818662872318,0.03707352476287423,-0.021873224597342044,-0.12973826913253586,0.10342988206592975,-0.007573521959743386,-0.0414563332786651,0.04620416735419832,-0.05398918634883641,0.015828601172171154,0.03967792637427028,-0.04871547311130458,-0.01856177651616309,0.04805545931411054,-0.045212152597148524,-0.1865858276999485,0.11398400571377443,-0.03449947338426227
-0.011163495098166668,-0.05883636662191024,-0.044207336180493814,-0.04051011546510752,-0.056921528567222456,0.02430397111856263,-0.002725359394921637,-0.056559242632828105,-0.04993504707615451,0.005869822587838867,-0.06505200287225106,-0.060817727499139114,0.04648514907820404,0.026629949047387722,-0.01785910371730456,-0.022633322118805838,-0.004800737337138018,-0.02029713223645798,-0.0002793641019803988,-0.010781465604597772,-0.018643041219171392,-0.04331361835255184,-0.03610325410181092,-0.023837871447302948,-0.045608738246013504,0.092417779456928,-0.04128183245990819,-0.030955557360298105,0.010572890025244076,-0.033711819709013637,-0.016247860074876205,0.03715197893911572,-0.02019253670196901,-0.128045092431986,0.10143521803176896,-0.007335706991240218,-0.0472847343978962,0.043764279849054157,-0.05781998516834122,0.02051815699919612,0.04098303014994666,-0.05250095010659763,-0.026653291892490865,0.04386970528104506,-0.046214976351249173,-0.18175175044606293,0.11195720120627861,-0.03038250584576379
-0.016756645141169074,-0.05381988781503078,-0.04254483198927072,-0.035716322014954054,-0.06571468790814612,0.020008631172668913,0.00683388151283847,-0.05451808972520403,-0.04497891953052006,0.005965926598741171,-0.059753054136631296,-0.06139404426778682,0.04688301804888878,0.027446695009704737,-0.02143202115958801,-0.02478560044206718,-0.008518179054344013,-0.021003400504462064,-0.0018588652311494927,-0.003460734765088941,-0.019280281313423502,-0.044718637827642446,-0.03305687374801707,-0.011818272313520443,-0.03586121376397552,0.099786221862353,-0.04736699350341799,-0.03305249307100096,0.013872967170676922,-0.031572696458137844,-0.014359513730421864,0.0357629004798778,-0.023120047268427365,-0.13433741110182676,0.09604236584932425,-0.010657204598867617,-0.04312242001359549,0.04494542265724167,-0.05103494256276495,0.013312409253874932,0.04262013808309595,-0.045578771918410095,-0.024049886137618437,0.04766146854349176,-0.04036362322922323,-0.18020967255497142,0.11465347466361421,-0.027534227525800332
-0.01110335083532084,-0.05515894512525886,-0.0453090750088722,-0.03636831729722911,-0.06217580491802499,0.024374190467899057,0.004460483764276882,-0.05878324844658895,-0.04359965278584351,0.011828969416680784,-0.06499879000086307,-0.06736333024237455,0.04145024257085944,0.030081352985220598,-0.02152268782830844,-0.0280966729353993,-0.011899625508473156,-0.01759044214094572,-0.0031233008900760943,-0.00472701634787996,-0.019724753784665126,-0.05145426696612109,-0.04266261057816989,-0.006062404000267226,-0.036516897606040336,0.09705090264218122,-0.040579902200805776,-0.028214035482698383,0.01064984456203622,-0.03770599998424508,-0.015931039793452423,0.034892763181181355,-0.013388574689745072,-0.12613564880303568,0.09560873035189901,-0.008277108635664351,-0.047851999647517615,0.049451944316027285,-0.05421407835849745,0.01391259044424589,0.036829230903878386,-0.04879973369365451,-0.027492852503149676,0.047486985041812466,-0.0385444060916213,-0.17833969284638476,0.10596163318868898,-0.03180407786267574
-0.007244457889818627,-0.05808369016352355,-0.049355348797510384,-0.03015120926431979,-0.06406128504657402,0.02369334529399265,0.00046253627225693807,-0.05488351682296051,-0.04411226213970812,0.006937182658719082,-0.06501906872220417,-0.06779550115618127,0.0452844061409412,0.027990011837757848,-0.02354356732662855,-0.019053076514518215,-0.00475402995617297,-0.018775989746961354,-0.0035258942422200547,0.00038012588559479323,-0.0180360993360937,-0.04841523838563806,-0.0423846158415382,-0.005509294615055387,-0.04363852976605005,0.0925168930023115,-0.043066028738612344,-0.025695695283881836,0.012350743045141029,-0.04056619928973433,-0.01729132286438728,0.03745255480823078,-0.02227242670365134,-0.12378597248386645,0.0972953808006123,-0.012590329671219633,-0.04751895500655954,0.04937677085269495,-0.059489616910267225,0.017902250916574873,0.035581597145409656,-0.04344665239111229,-0.016093007896758976,0.051076986997626875,-0.0494778238330849,-0.18348273037295232,0.11190432047977454,-0.029047539991468717
-0.013224917073320457,-0.05607991069962337,-0.038843417378105594,-0.04274009033643314,-0.05512209413860325,0.025577490916762934,0.0025077897806884773,-0.05480461537907352,-0.04393816282672102,0.011014204337834328,-0.06678884087793861,-0.06205737538502708,0.040656646402726426,0.02844867369937507,-0.014378847704663042,-0.023030553786555007,-0.006584247816056927,-0.01949311582694769,-0.0006239984325367288,-0.003926468711111954,-0.017901316000524702,-0.0473519683507332,-0.03857722157718802,-0.012045023510437554,-0.04402331247172471,0.08766844176631579,-0.03990574923531183,-0.033197134272290416,0.00890622697541732,-0.03188843434421638,-0.018170185144719495,0.03540619587387596,-0.016573333810477216,-0.12671974879866646,0.10140254913035901,-0.004798039482435058,-0.04450709189991929,0.045014222057240344,-0.05378647991329207,0.02062325283776007,0.03833191579376221,-0.04643201028225422,-0.020766650846512313,0.047768457312485586,-0.04112528562296526,-0.1837358801873374,0.10992282306820757,-0.023331008041610923
-0.011116543255498844,-0.058680622825599285,-0.045317623211538656,-0.025675984475851142,-0.06594553295517595,0.02090178836351207,0.007256510019792302,-0.05628865917464842,-0.04767302830541346,0.006976556757505053,-0.06678316189611436,-0.06806922930658349,0.04520382784894188,0.03245515081064887,-0.021770526117695012,-0.024584260585623654,-0.00803073558333313,-0.014560592886932401,-0.0003415431090527997,-0.0021451724295375196,-0.021083976782875335,-0.041602143980128105,-0.03275065721386938,-0.012541274090655,-0.04480952986137388,0.09753279735735453,-0.04908631123710252,-0.02579575265292732,0.009037138595819741,-0.04077091467373449,-0.017890479488285944,0.04023905417401693,-0.019071586094659445,-0.12578723489406285,0.0955478756216475,-0.010565676843699493,-0.042909347845952746,0.04628812966400854,-0.05568238369413322,0.012302519194513565,0.038453324770538845,-0.04238183092524219,-0.020285163757686384,0.04728092410868816,-0.055483044110944554,-0.18519970301434555,0.11037792848612343,-0.028002143251063035
-0.011237329147188632,-0.05386560842101516,-0.04197190558918326,-0.030154173496705166,-0.06234913298955132,0.02347531291717781,0.012105599732220132,-0.05371657683766147,-0.05157642091471703,0.013530072441784464,-0.06498958951820219,-0.06768517825614713,0.04842913592705904,0.02216343893164328,-0.01990366449224439,-0.02460508395290116,-0.010470273434046225,-0.022265967068226606,-0.007723767760159911,0.003400781757549825,-0.01860795764431675,-0.04356526174197664,-0.03471842680804946,-0.01151609213524627,-0.04135719698236652,0.09281421503176078,-0.04833288711035682,-0.028115191923164327,0.013962797441226254,-0.03749889160161368,-0.014116640513336144,0.0421224273075401,-0.02547679010412198,-0.12524140125649594,0.10324054983162077,-0.003386278529235737,-0.04277597061229034,0.04625762502700805,-0.0577917002853115,0.01532696427944799,0.036879512345743624,-0.047258597736901366,-0.0249277282625117,0.04924794163859582,-0.044306347413588854,-0.18365709951187498,0.11307276981531794,-0.025154642947284825
-0.014636287055865806,-0.05289837185885793,-0.04901500622117791,-0.03304070522229648,-0.06043737900078296,0.02956487571803747,0.0014469550492086196,-0.052337076286118785,-0.04974695548278343,0.010895998207530297,-0.06149824122474741,-0.06122119925277309,0.04197953114710858,0.03117108220234345,-0.0262874239772174,-0.028726819246435928,-0.004660492752505571,-0.0199980064383302,-0.002045958504115995,-0.0069495914796118335,-0.01628605891272399,-0.04526291999741702,-0.03651771924645977,-0.015677463993719366,-0.04328349067371936,0.1019597654685408,-0.04473797967106914,-0.03447331821463715,0.01230473801699844,-0.0328463895278072,-0.017417229944907308,0.04050096278938112,-0.02199125207560331,-0.12711352201668213,0.09557976215892594,-0.01310099853089432,-0.03800641241936838,0.041728922757334336,-0.05559475636700015,0.019217379837685424,0.03685165315691069,-0.04825906630604095,-0.02033106665550145,0.046632782255645856,-0.04474155761710251,-0.18328324444254485,0.11378559281728283,-0.03356436099047896
-0.007270951423151894,-0.05120121435244208,-0.048265797008049775,-0.03429872179625138,-0.06052111055812546,0.02385491538213985,0.0014469550492086196,-0.052337076286118785,-0.04974695548278343,0.011148865364646416,-0.0632552184083975,-0.062895698612634,0.03806399741883648,0.037715685843327615,-0.022500434617555118,-0.025652784448446552,-0.008265508631982183,-0.017906058292718727,-0.004258781546794606,-0.005967091683008113,-0.0212940024625627,-0.054467609092064766,-0.03579963696385894,-0.008980737497859194,-0.04519506032932226,0.09268168963174617,-0.04592360223505015,-0.026391571799324477,0.007064093924190998,-0.032476113648759915,-0.01337442447755185,0.036986408630158285,-0.020899852280098576,-0.12254716832285249,0.08969152182721472,-0.00898564894139446,-0.04621499852583157,0.046547038721288805,-0.05274234855784513,0.012641765919820594,0.03269509464426701,-0.04458243566459854,-0.020996686983127115,0.04962020425583464,-0.049304183476347574,-0.18389639156788953,0.10961828490131258,-0.01972907803220847
-0.009309771031712408,-0.05532940552820431,-0.04400378633328294,-0.028744766028892102,-0.057157192350437286,0.027334295142786093,0.005164422350567453,-0.04837968623245123,-0.04678545411343947,0.008229745856658118,-0.05619514841152627,-0.06533741631534767,0.04491276052489746,0.029541366089583274,-0.019679609993920308,-0.032353213377822446,-0.010401196129589873,-0.023275212899393535,-0.003376892478335547,-0.004082936037627559,-0.030091921988432958,-0.047981884218971795,-0.0365729591630515,-0.022735796212706494,-0.04689364244947507,0.09045651318528995,-0.04777760563527201,-0.0329718174866145,0.007283522374109011,-0.033025172616756304,-0.019592109408425217,0.03705592080565305,-0.01656681930851273,-0.12707159022018832,0.09177751825729187,-0.01313136639577179,-0.04417446499828182,0.044937605808048633,-0.05905844185948958,0.018179013034219194,0.034119142244746735,-0.044755415934415094,-0.023160097823417214,0.0499839442703518,-0.05595802385605801,-0.1834010149162903,0.10905859239160627,-0.030826692017322667
-0.009298068022609185,-0.06573008788688389,-0.04510664845514735,-0.029822368077907477,-0.06583038324884441,0.021506991310375305,-0.003430220274654888,-0.05694552139020056,-0.04576975296342951,0.010397087919396999,-0.057937445189457114,-0.0687172273394827,0.04917130293846479,0.03063705688328636,-0.024985380958466245,-0.02277618997139658,-0.01235481940332826,-0.02224157631523835,-0.0015797862945207395,-0.001681191485563854,-0.022462244320643848,-0.05005749912731331,-0.03550675886546449,-0.004877182804305107,-0.04301054293087508,0.09983200404786868,-0.04838134446264897,-0.030486507788460192,0.017230386266536467,-0.03432525443706651,-0.0187148074327006,0.03910292056746678,-0.02226555617748284,-0.13172115607002577,0.09978077524891095,-0.005564829481935292,-0.041271549117745485,0.04476913834130855,-0.055662509421428995,0.007474966110836969,0.04123333432924868,-0.04435666705194398,-0.02253307370197425,0.046344419599334476,-0.04065503625259457,-0.18031361661582082,0.10845240816111901,-0.02508698455956734
-0.009479311078618964,-0.05067199932659116,-0.03955632462412043,-0.03157745044652826,-0.06069218277349582,0.018747435081165175,0.009875691291969071,-0.051896851438162965,-0.05044389420887189,0.009953491088050647,-0.0667782441072083,-0.06592293226061026,0.050743449614243506,0.02772176388461223,-0.023166686639764986,-0.028166228883569726,-0.008079171223598334,-0.016090200487422233,-0.004275009126769668,0.0009333805302849927,-0.02390676290690073,-0.046687718151793504,-0.03658822198533859,-0.01790765614456672,-0.041419806713618085,0.10200042207932206,-0.045351160058023934,-0.034155892149727335,0.014246685477935247,-0.0401050778193614,-0.013475656676433629,0.03537534917996221,-0.020067106792142797,-0.129177069127741,0.09953612424654507,-0.011031365702666844,-0.041609149297760925,0.05041942519184246,-0.05529634531571273,0.015046235235775602,0.03834283237971088,-0.04594539899796329,-0.01693887635270745,0.04547343628300408,-0.04700318580118589,-0.1856130697981763,0.10809348224929836,-0.0186844330548301
-0.009321636739699074,-0.05884912817111681,-0.044003139008542955,-0.03827834607270764,-0.058720782987727885,0.023027955807021057,0.006015624589687062,-0.051923686997596134,-0.052178651476810244,0.009661107880159744,-0.06325739328792525,-0.0639723365557232,0.04302034533283615,0.038735031528370656,-0.0170568055186413,-0.021873663938865914,-0.006920899951353211,-0.023624116563017487,-0.005752776900440324,-0.0072677416584718095,-0.019496930240254194,-0.046350511778372794,-0.03481387576255535,-0.017277695048534415,-0.0394896958908446,0.09284737498730312,-0.04895775260910091,-0.030362252359151597,0.012547500626025459,-0.04200554207310416,-0.01201229312633221,0.032201301981258944,-0.02021507404229413,-0.1287680374813189,0.09377120986012062,-0.013361362993549215,-0.04432952100680903,0.042192939173633606,-0.0539895030592267,0.0114174962945689,0.03833928015745798,-0.045962274934451285,-0.024606563784477547,0.049381763519343744,-0.04642406117318667,-0.1832799721105557,0.10778790001199985,-0.03351837482721555
-0.009415644834533958,-0.05916043572065271,-0.041782221343533224,-0.03254871757140872,-0.06394665248958126,0.026398242275864504,0.000504023911080301,-0.05285232658990713,-0.044192633746984955,0.008482200958517762,-0.05795287421166039,-0.06700941017368924,0.041501848459761015,0.03481464521005429,-0.020942643773991555,-0.025434943144857537,-0.00452957571364927,-0.017442331187069546,-0.004123947839635935,0.002688722361029138,-0.025963881166041203,-0.049808375686416495,-0.03846327608852194,-0.02429423644716458,-0.04271242946461411,0.08619196499109703,-0.05516234355143367,-0.02487150057569412,0.012197095692930999,-0.037332097226817205,-0.01494867126360085,0.038549711046777554,-0.019918765023641625,-0.1242223375303762,0.0897837965164475,-0.009227143657154078,-0.04294816124280142,0.042123689639194925,-0.051229590834922414,0.013664557924620707,0.0354297175203415,-0.04807330497529156,-0.02661080240483364,0.04981244860665171,-0.05413648422991184,-0.18198709761818052,0.10250959552065865,-0.024902118919060957
-0.011150247648583004,-0.055314847154828366,-0.04419839552368021,-0.032227992361546554,-0.060578974524869746,0.02355639407545743,-0.0026498278299726353,-0.05249273170532381,-0.0500942382140812,0.013957234588158875,-0.06497609096053009,-0.07047892088518258,0.04344643153449731,0.030356328922731286,-0.022982926427138718,-0.028548082387766564,-0.006613755478999543,-0.021267167296151333,-0.00275643686878839,-0.0046610865265039,-0.02309373082425102,-0.0476881920404749,-0.04035177018590964,-0.012672382867371646,-0.04443351185940688,0.09547140981031009,-0.053890156533940206,-0.030685040018545478,0.010857932255284187,-0.04107675440583356,-0.01615134097291115,0.03876320874558691,-0.021025259263259533,-0.127850970240206,0.09950368836854441,-0.008494186739091757,-0.04133822181821677,0.0447844880644121,-0.054608199775968265,0.014796360638654337,0.036943673090767924,-0.04521779541405155,-0.022032960071645374,0.05182680582825298,-0.041009629316942436,-0.18519970301434555,0.11037792848612343,-0.028002143251063035
-0.00943852168224661,-0.05227652720723121,-0.04066920024294577,-0.023934430248588098,-0.06423427209964197,0.022789223910026895,0.0035847298460648914,-0.048197720476259226,-0.04973516838916279,0.008504713113041986,-0.06854449470272478,-0.06727120097657284,0.0441347480723171,0.03408897372671415,-0.028648946975148443,-0.026121632726477696,-0.0062292248050062815,-0.015609000829423993,-0.004179357552481746,-0.0007756054128777477,-0.024096476370870746,-0.04939455366288341,-0.03351583589145372,-0.010737713601588931,-0.03959337115028108,0.09278126393709313,-0.04779690819274944,-0.03452120643427022,0.010649164567065772,-0.03295213610478552,-0.016343916305076485,0.03554103181708253,-0.019359530970896068,-0.12996177167026263,0.09757581003429319,-0.017014756497001095,-0.04432952100680903,0.042192939173633606,-0.0539895030592267,0.022825227676109304,0.041145054775762455,-0.04738630649581881,-0.016950090210521514,0.04940940764005837,-0.044623575463394405,-0.18331909180788808,0.10621312383956985,-0.03260448529994444
-0.014963565713880316,-0.0539911435762699,-0.04124382420636971,-0.02983163967770937,-0.06069343777052967,0.02085318995600746,0.009217800730057419,-0.0502557243074046,-0.046359968918552964,0.009414346537346062,-0.061454529568574535,-0.07314731221950686,0.04342056048216288,0.02798849529876863,-0.023273195443620914,-0.024928383830246707,-0.0008771529143255003,-0.018011013756023802,-0.00275643686878839,-0.0046610865265039,-0.02309373082425102,-0.05006234279635847,-0.03707188184538511,-0.011984429032914393,-0.03831350413893889,0.09474916231516231,-0.04128965424759974,-0.033696200398931134,0.010495951923334213,-0.029719191613416292,-0.015655266936435576,0.034365271989663174,-0.02339299313997331,-0.12209031911125062,0.09530168195753266,-0.012363241717072945,-0.03820639992768704,0.041775572777112635,-0.05243342346159177,0.017778562054567616,0.039663262341312955,-0.04921988731540957,-0.019253883631367825,0.04576488387631769,-0.052595981482570726,-0.188488210926097,0.10910393336482098,-0.029226729937608924
-0.012943935782709389,-0.055144365944470045,-0.045503557479799915,-0.030810846078730265,-0.058811440869470974,0.02784767183535472,0.006126277372905949,-0.05490411967858021,-0.04081434005287796,0.005869822587838867,-0.06505200287225106,-0.060817727499139114,0.04536245283887562,0.03509722683345649,-0.022670151238370705,-0.03117170310796858,-0.008296318518691122,-0.019686822421614642,-0.004644293653452331,0.0008648809480958583,-0.02053680944921688,-0.04790173936685489,-0.03340543659879912,-0.009800459198952685,-0.04149676762215991,0.09041922789469474,-0.04733641977672353,-0.029033032733002416,0.010299305327052711,-0.028278637378608338,-0.015969038601010486,0.03419127534808694,-0.021446078704253493,-0.13079207539392354,0.09392487721628628,-0.011317848017046061,-0.039720546606897285,0.041876245978011165,-0.05308562356744201,0.01725930645524257,0.03829646687539256,-0.04746833638655648,-0.022444397600795224,0.048330492719813406,-0.050952765980145996,-0.18002083137574346,0.11200988699773075,-0.03171802911983364
-0.011056450423706003,-0.05500302611437596,-0.046419875577426564,-0.030163364234502974,-0.05721177071316116,0.022823482355491885,-0.0002435475213133174,-0.055269598927815224,-0.039948359435319956,0.012422670083983992,-0.06325968125843257,-0.060423716110774434,0.04722668586714534,0.03510204396071238,-0.022939344484497456,-0.020805939280034984,-0.006686639805841429,-0.020279143729227768,-0.004258781546794606,-0.005967091683008113,-0.0212940024625627,-0.05082169315690931,-0.03358378354607616,-0.01297221851496637,-0.04298074183278074,0.09524132113718545,-0.04986773611700188,-0.02344868387747778,0.013766232648603353,-0.03606223870293753,-0.0128461977083278,0.03572352990475612,-0.023960861002282154,-0.1277645486438896,0.0973918506955811,-0.02020124060651295,-0.04450709189991929,0.045014222057240344,-0.05378647991329207,0.012094048125941179,0.03419078436375641,-0.04224846982105713,-0.022167443853751773,0.04781531481502675,-0.04233225362871583,-0.18017779759963867,0.10570822285177102,-0.028065226777634705
-0.013239821411529427,-0.05960243582458189,-0.038863908287208496,-0.03462043261124996,-0.06388896056536708,0.026698742300968407,0.0033037830939872076,-0.050357487320833415,-0.04826567926952467,0.005021316203991091,-0.06503442537293341,-0.06607888801345681,0.04363076619764035,0.035365480842092505,-0.023592532986926897,-0.02941424790861542,-0.0063610327713445785,-0.018168059580115564,-0.0030638420476888375,-0.0012621840539494649,-0.02159430807767395,-0.05055828087757049,-0.033413653737303484,-0.018161264902438922,-0.04342389488398834,0.09956467413472576,-0.04374080555599019,-0.03269825996306744,0.007316208373317709,-0.034057307482591184,-0.017605833411445955,0.037278244469893196,-0.020325789111105528,-0.12387085454212167,0.09521340319742383,-0.02316219494333506,-0.042453853927903774,0.037838097416516586,-0.05520712336343582,0.013929541401223048,0.03539761875175609,-0.04909360179932321,-0.02023777044958771,0.04930505036214345,-0.04386086869954176,-0.17658405571955005,0.10906293590407222,-0.03376641143539409
-0.009603617843971615,-0.059782847043963666,-0.03734183901386242,-0.023954407204409212,-0.05738581308105523,0.02193261549422208,-0.0020532702489890406,-0.055219844799850315,-0.04151053026220578,0.00889225807570425,-0.06676754509937313,-0.06978929758522626,0.046963648583191665,0.0229799370940892,-0.023205035483590115,-0.026121632726477696,-0.0062292248050062815,-0.015609000829423993,-0.004258781546794606,-0.005967091683008113,-0.0212940024625627,-0.05122570448725453,-0.036971490047745956,-0.01940687581140186,-0.037726340012533235,0.09974763663219234,-0.04674987331539861,-0.030362252359151597,0.012547500626025459,-0.04200554207310416,-0.010712989379523951,0.03359853755877368,-0.019942701892134033,-0.1234780249794193,0.09134921309501451,-0.025492401022051553,-0.043042681809572256,0.04631862335244381,-0.0535733976828194,0.0172848892579636,0.03543475982200148,-0.04804886687511019,-0.02428537568395969,0.05020407083037163,-0.03736589103698287,-0.18693085815483923,0.11032503497005142,-0.026668275279135276
-0.01686765583302878,-0.05765891600720051,-0.040366165034222606,-0.033973810189703066,-0.06057772610022867,0.02145090777371359,0.0008230888548817911,-0.0486602779696585,-0.04574068831420331,0.012002988677662403,-0.06322822970422219,-0.06847928371101564,0.051221311935329805,0.035658889931650846,-0.025862052752399823,-0.01850490626569167,-0.010606297187847353,-0.022543285222621313,-0.003186693930198955,-0.001284695980087801,-0.020471160345219133,-0.05075581350496373,-0.03354128156553446,-0.014269259170821072,-0.04312098287386215,0.09284704505821607,-0.048869244449960235,-0.03277867885553323,0.013906063882616011,-0.03260516514418336,-0.01609050452623999,0.037239113363354476,-0.02116582578128838,-0.12365240124817437,0.09137972819517877,-0.02434589875445567,-0.04450709189991929,0.045014222057240344,-0.05378647991329207,0.02255879105293254,0.04117708411965054,-0.04636506208945197,-0.021319082176747346,0.04879878835262685,-0.05837027541081272,-0.18184453044537377,0.11027994983440259,-0.02826860635651803
-0.012943935782709389,-0.055144365944470045,-0.045503557479799915,-0.03413450292393966,-0.06226198073439456,0.022872786364391346,0.0054961517434262246,-0.0542107364301292,-0.04931844219760108,0.01106091416338234,-0.06850893936316158,-0.07318643416033382,0.0417665464021146,0.03536050195268263,-0.023324420090129583,-0.02981313742493434,-0.008145569582187819,-0.017371852407757304,-0.007270000176915794,3.938162185021621e-05,-0.02123880291562833,-0.05102330766758492,-0.03527799177022302,-0.01618874444753262,-0.042463277626869786,0.09557317595381805,-0.05567302292776681,-0.027890592521591318,0.012339288151777846,-0.0386354670244897,-0.017542476352021413,0.03575437035612027,-0.020465875233916096,-0.1254599737875714,0.09738820683048169,-0.012837730125260162,-0.04476202529703912,0.04646336460046289,-0.051049212200526446,0.02230534959011213,0.038349588540882114,-0.0459142088051804,-0.01693887635270745,0.04547343628300408,-0.04700318580118589,-0.1798811800504626,0.10326692481988345,-0.03464832563855374
-0.012958509944484392,-0.05866784046897985,-0.04552169366401995,-0.030160250981796758,-0.05892437582284489,0.023040381447927426,0.005117795682896117,-0.05040947792249223,-0.0467043934099392,0.0031625410219449476,-0.05798442096046514,-0.06467884117996901,0.04709397213180922,0.03482876402508071,-0.02174832620751594,-0.029345771680644745,-0.010182817684476046,-0.01967289588097306,-0.007270000176915794,3.938162185021621e-05,-0.02123880291562833,-0.0428212028629945,-0.03113177304634399,-0.011544773472120438,-0.04094274420143457,0.09307864853008453,-0.05297706296491669,-0.023722940727814952,0.013733146924922548,-0.035029376949148455,-0.016160506859738626,0.030970264424587977,-0.019778406781703384,-0.13179138526997433,0.09579729089991314,-0.016130277697380405,-0.04633856234928437,0.0479654397135508,-0.052108616804791924,0.017032965167963283,0.03403605981974045,-0.047318825962156696,-0.018562770512191826,0.04736811023902928,-0.05639456589998701,-0.18861108286407657,0.1163673475469242,-0.026578248589768688
-0.011197140863492492,-0.055470732203084454,-0.04308783712185063,-0.02873779073617465,-0.06058142325678451,0.027766656370103185,-0.0031207408474241533,-0.052750450444884425,-0.04731687729239458,0.007791025450267756,-0.06499239774877251,-0.07338123303392717,0.04733323172090636,0.03300479806532152,-0.024422573478409766,-0.0205491246864087,-0.012455875279101917,-0.023019352416516852,-0.003245573347019113,-0.0047489818979929875,-0.018601950594833945,-0.051422126869843626,-0.03709979161307466,-0.015512731195338234,-0.04497840891186039,0.09972623732598457,-0.04660535653592789,-0.041378823066708426,0.010834236809249302,-0.03246696856498679,-0.011023669624993886,0.04274364851776145,-0.019094851110377595,-0.127594541854817,0.09186919290881401,-0.00969691830052066,-0.04572792967437045,0.03948938050365014,-0.053801406710649986,0.018962686747427192,0.035453278645059254,-0.04752686098808098,-0.027212470775907015,0.04628105394519541,-0.0411011328098863,-0.18672850693319568,0.10621099296000727,-0.031136793609087457
-0.007427555119974781,-0.05694740685556059,-0.04491568678511397,-0.03157745044652826,-0.06069218277349582,0.018747435081165175,0.0028755530112683785,-0.048584419049473325,-0.04556860447899442,0.014597958947239033,-0.06495570826844103,-0.07467099855878247,0.045892926177949205,0.036190473458176345,-0.027435066352103497,-0.022922409073223786,-0.004716603928933487,-0.01926410993083848,-0.0012457428664216764,-0.0033497261889591737,-0.024896115325319147,-0.05073001697048241,-0.04062720967603037,-0.013229505793453049,-0.0467133691874369,0.09517078780783196,-0.04862530272317381,-0.031086625781288752,0.015761283930825966,-0.03869661028686071,-0.010500635916162175,0.036820598431053564,-0.0216079555515937,-0.13081202327335423,0.09582619480655094,-0.011305946799315469,-0.041538175014566255,0.04483052081087493,-0.05144576670938281,0.0195898340056339,0.03417008065163992,-0.04321228590968551,-0.01840083341285895,0.048122228694270124,-0.04627112866670175,-0.1835613174838413,0.10875419037529095,-0.027222539356731756
-0.009116086405587994,-0.05294538558363452,-0.04844912161925772,-0.030145429819869875,-0.0674851361079584,0.024130543332001625,0.0037761940841459906,-0.05009971412632038,-0.05104366533703053,0.005234754352245835,-0.06502783195567739,-0.0674746259046043,0.0448061814334288,0.031636917212578546,-0.018198028013517102,-0.03605146200189738,-0.012321596681343241,-0.025057749182947144,-0.006543634499528826,-0.0022417442159289526,-0.014436795971083867,-0.046884463649187885,-0.0367168458000253,-0.014012973267283872,-0.03959337115028108,0.09278126393709313,-0.04779690819274944,-0.034938279672194754,0.005650449099614893,-0.03223575679932024,-0.011289385662510261,0.03172750237315699,-0.0161900785749595,-0.12798435228329005,0.09573191475128216,-0.007379798564647415,-0.04432952100680903,0.042192939173633606,-0.0539895030592267,0.01560717414256222,0.03541620652423376,-0.04857111381219093,-0.020492438708550834,0.045877351643782135,-0.05486352578880795,-0.18006011595874014,0.11043383136447828,-0.030805375903941928
-0.02016693485893372,-0.05461771042273263,-0.049611217992047214,-0.03669295456187425,-0.06211900728120013,0.026777583259605643,0.00620595845756757,-0.043803274430097905,-0.0525034742226244,0.006802482997105702,-0.06855360520554368,-0.06694589169242887,0.047200525787523484,0.03273173425420927,-0.02323135286018716,-0.016949462409837614,-0.009967768830236345,-0.013789520266452795,-0.004599499395544477,-0.004303321120655719,-0.018859655909815358,-0.05020009523836643,-0.038721031876828446,-0.016501534667662285,-0.03772575761581789,0.09281432432199492,-0.048422102658365766,-0.029733689155748567,0.005768746870249013,-0.0391848836267909,-0.01337442447755185,0.036986408630158285,-0.020899852280098576,-0.12946483750142107,0.09389320633897943,-0.008783690126634833,-0.04471717201986577,0.0436727225062172,-0.049145999247252124,0.01616603632711622,0.032489637518586155,-0.05119409797182451,-0.01628550570384977,0.04249421326307582,-0.042438611395935216,-0.18318745141702544,0.1094646300179044,-0.035633869641282595
-0.007443130789461245,-0.06222336188737423,-0.044897850849514226,-0.032227992361546554,-0.060578974524869746,0.02355639407545743,0.010977441006193881,-0.052334068829286415,-0.044715974802865315,0.009661107880159744,-0.06325739328792525,-0.0639723365557232,0.04778392739320549,0.038567363548639974,-0.027411836607025723,-0.023246847847293913,-0.010319095204238068,-0.0199501338665225,-0.004275009126769668,0.0009333805302849927,-0.02390676290690073,-0.04316031256628731,-0.03290378965812889,-0.012179510271836367,-0.04466858113963591,0.09992672673395461,-0.0500863593577875,-0.03045684523323532,0.00898267352745815,-0.03588072187756614,-0.014217369241984641,0.04051035509243539,-0.024644662082499873,-0.12711352201668213,0.09557976215892594,-0.01310099853089432,-0.04329598282867298,0.0477683180760965,-0.050840325277075084,0.01665375738452535,0.036719088781614735,-0.052361863113783935,-0.021133847076273176,0.04629852795018256,-0.039448170631695326,-0.18018139423511031,0.11170474637791862,-0.028113346487249932
-0.01633631194530993,-0.05241400899713234,-0.052535350384586,-0.03827693688954572,-0.06385899217990648,0.023694026287743895,0.0007397012745656152,-0.05272354569811424,-0.04558098880207946,0.005330652519729143,-0.05972748421491943,-0.06805256749779823,0.046423579088351166,0.03728474117081019,-0.03220172231901925,-0.02109523300314132,-0.0066024991483608015,-0.019246581553295544,-0.0006239984325367288,-0.003926468711111954,-0.017901316000524702,-0.048532118402317824,-0.031397787529317246,-0.02049024633586342,-0.04650672222583563,0.09530335590846503,-0.050946914837872864,-0.020429586746877282,0.013624058226501728,-0.0347608846668662,-0.007395965029435818,0.029034259636849788,-0.023020277920086776,-0.12212855526555079,0.08941659922402236,-0.0229773331279723,-0.044217432050093146,0.03938848134969739,-0.05313931127037942,0.02027931122552447,0.036723352954039,-0.05234174589558918,-0.018051340149037115,0.040379800331749136,-0.05314424210260341,-0.1817375753030678,0.11048313071311174,-0.030671551454242902
-0.014784571458337257,-0.05512983050584124,-0.04569826665776167,-0.03172555284568296,-0.07093743515553237,0.021267190016902145,0.0014469550492086196,-0.052337076286118785,-0.04974695548278343,0.008347156958138691,-0.061488602534087944,-0.0661683748773371,0.04134371331792248,0.032175380301381555,-0.02004199055578917,-0.02576170741727928,-0.010133254898115769,-0.01813742496922152,-0.005931407807703733,-0.0021301526537724513,-0.020050232756181174,-0.04343354303891529,-0.034632806355700735,-0.014111729966473884,-0.0380361882720384,0.08568681484274068,-0.04660817836786985,-0.031180646248284274,0.012195798007073246,-0.03257492614094364,-0.013272729406905293,0.03859775076479234,-0.02173231459827193,-0.1269393516059092,0.09554934123173411,-0.014245632634162257,-0.044562326463155985,0.046417684306267554,-0.054212195495919414,0.01805641037903928,0.03820026234473179,-0.050530932514232144,-0.017001160912722472,0.04738832489526067,-0.05624646965559361,-0.18674268659525242,0.10768374657399685,-0.03084890582653492
-0.009221743953086881,-0.05677786325785569,-0.046225467600734794,-0.029834829557857226,-0.05898082057598407,0.020636011694137705,0.0014469550492086196,-0.052337076286118785,-0.04974695548278343,0.00863928685396483,-0.06501018883287366,-0.0681166713903755,0.04922383565821284,0.03538031569717496,-0.02440029724588162,-0.021889033584849258,-0.010168013263546119,-0.017635202012927193,-0.006676734189272546,-0.001574724634751539,-0.02592324397811447,-0.04980017272267302,-0.0369008188421949,-0.017175780925475406,-0.042907187545683456,0.099898867896059,-0.04954172934292154,-0.024748196062536962,0.007260130384287925,-0.03867046696240325,-0.016905535900748014,0.04146236314408437,-0.01685088462032825,-0.12202181218904373,0.0950903699144185,-0.024063300192202323,-0.04608200247254255,0.04651660892794915,-0.054851169476852,0.018708645458633842,0.03405496144493609,-0.04679500449075712,-0.019557176114564274,0.041690552370246776,-0.05285404551604559,-0.18514292686657363,0.10448645694724046,-0.029154123098745568
-0.009221743953086881,-0.05677786325785569,-0.046225467600734794,-0.0327201762807863,-0.05706928279182008,0.026725164531519977,0.008363420256907207,-0.03966970024709405,-0.052494553757600065,0.008038164009805523,-0.06679386486909128,-0.0642035688279158,0.04613206229741987,0.034366596169291504,-0.03011016314378118,-0.015183963334561339,-0.004791470844442479,-0.018288784886644777,-0.00447727369166757,-0.0042813074906306375,-0.01998245691510786,-0.04777655676816662,-0.03488310194676664,-0.01951034840883299,-0.036102180290975595,0.09731746526712705,-0.04521999417481338,-0.024697908177085275,0.008916688068560432,-0.038568926773808965,-0.010405445952461777,0.03599781777795981,-0.013690456779843534,-0.12761123128437435,0.09926352874463022,-0.021330447113794785,-0.044318751911684794,0.04358032726790636,-0.05546902230386475,0.0220672607411447,0.03266307671455274,-0.04603242710637971,-0.015862554910516635,0.0452945432404011,-0.04367835122457879,-0.1836540439769149,0.10707845113891644,-0.025108421329246546
-0.009391633091169504,-0.052120582437916264,-0.041780262358701345,-0.027908766837210452,-0.0675712612544161,0.022624688755882985,-0.0003657144692371087,-0.052286029942685434,-0.051309425814637405,0.004037429450355662,-0.06855210956995958,-0.07048560099445202,0.04224424277448129,0.03171632971887263,-0.028670444871615495,-0.02062397567196524,-0.008637880051127143,-0.02153739702579314,-0.0020139584798212536,-0.00521658937991945,-0.017221819693777427,-0.042907377082960066,-0.034289511968933366,-0.024500173051742673,-0.03779516116071548,0.095080963156517,-0.04709119738821347,-0.02963252725117644,0.008829572863097788,-0.032646990586683695,-0.016814998724920673,0.03527996319018941,-0.016440214054177525,-0.12807121422147613,0.0936492645347521,-0.017941137780562576,-0.044318751911684794,0.04358032726790636,-0.05546902230386475,0.014265821912853428,0.037007828875433794,-0.043177280992860716,-0.020097710246406594,0.05331367417601658,-0.042536701079902636,-0.18651533999181955,0.10661609385913183,-0.0359437333874871
-0.011096732046568658,-0.05339771592635905,-0.04530416947589274,-0.03380942372468516,-0.06231875180439738,0.020468438643914174,-0.0018662925492770133,-0.048038152526900996,-0.05441949596499017,0.008521364430279975,-0.05971742215211857,-0.06728677390465546,0.04560157527332716,0.033273958770670825,-0.02534400345178833,-0.026143728620770336,-0.008668908286392586,-0.023318230917028115,-0.0039192399223972755,-0.007631784231450301,-0.023727984363837343,-0.047850999107083576,-0.03648704456249518,-0.02533385028072863,-0.043571992302593676,0.09025639351922815,-0.044387624855353726,-0.022553730282435864,0.0070195071370871215,-0.03426693675490542,-0.012174124130326746,0.03677289478488369,-0.019793818304708895,-0.12474195830753358,0.09536538816112834,-0.017434534347953376,-0.04133822181821677,0.0447844880644121,-0.054608199775968265,0.011152025954610607,0.038371359417260255,-0.044941632723965765,-0.022444397600795224,0.048330492719813406,-0.050952765980145996,-0.18526401210367394,0.10575662632542276,-0.026464305368791383
-0.012723984767248286,-0.057888544019859545,-0.05107317793716189,-0.034129480788600446,-0.06739875616383802,0.023534496152524797,0.008170897379444889,-0.05482516757142881,-0.0406408024322036,0.005021316203991091,-0.06503442537293341,-0.06607888801345681,0.04557350166356703,0.04247968728594374,-0.022984941688298975,-0.015486786260832216,-0.007143537757502171,-0.0249486284567494,-0.008508436881698703,0.0005033755424940022,-0.02261839318662355,-0.0473085484192864,-0.03302184767208726,-0.021477994798271564,-0.04346098559584045,0.09723703862531755,-0.043903062108313864,-0.03260154649410944,0.010627491829900743,-0.0338480724252389,-0.014557362060886323,0.03254112350906953,-0.02145316115997727,-0.12972656401979063,0.09184032380953712,-0.018199048454142695,-0.036805408386937875,0.04309507645216443,-0.05117638409382885,0.01597396499977075,0.03416443950348786,-0.04323975446890848,-0.02207810551221738,0.04980198350402805,-0.05263065137035772,-0.18665022627307384,0.10935967597679346,-0.03296369601608562
-0.01667198186863073,-0.05527143448766067,-0.044783583337076334,-0.034457902121874204,-0.06391744090697916,0.025496941804761416,0.006347536273467146,-0.04773504156039248,-0.053731355386945095,0.009234093837647466,-0.06327075696855325,-0.06118173899910417,0.04866629998352008,0.03191623656154862,-0.019928506667433954,-0.024894301284300077,-0.010386021101427306,-0.021233771907133648,-0.0036490047372079544,0.000357362885468456,-0.016913157645721967,-0.05060908525042882,-0.04210267265813554,-0.02294532816681338,-0.03824410009228356,0.09941318314709131,-0.04095019166253974,-0.026194058061922553,0.013941446849350723,-0.03839717976315612,-0.013307024339010319,0.03080418992841062,-0.020487013046073914,-0.12480718934202406,0.08589078556612394,-0.016374183805498637,-0.04110170509416293,0.041945738517253715,-0.055845637953988496,0.016754738767863084,0.035498933074598164,-0.046008527484684786,-0.023422386864176834,0.04264451829542989,-0.047415405716313815,-0.18510380717212754,0.10606028851165177,-0.030068130373727554
-0.009092326233256048,-0.05983042868016549,-0.049555615900525034,-0.02840506091879348,-0.06406201060809233,0.02579659882479986,0.007551903429753153,-0.04411649878267221,-0.04816511281332475,0.008038164009805523,-0.06679386486909128,-0.0642035688279158,0.04709397213180922,0.03482876402508071,-0.02174832620751594,-0.023737186097486856,-0.010723021226448188,-0.025362791096872214,0.0028804709426606553,-0.0036257003020445187,-0.012460494474558282,-0.04412517280001572,-0.03267221371946865,-0.02349997760946589,-0.03765618629432651,0.0905475444103746,-0.04975311246919035,-0.03150307032397752,0.010507121915691217,-0.03164718944681109,-0.013059187990278002,0.03716065249475883,-0.0228466682505011,-0.12894223966507012,0.09380170418419562,-0.012216747721811342,-0.04130121818951804,0.0419923009058125,-0.05268430475214215,0.01676819078279287,0.034068156600811715,-0.046298950125722535,-0.018127677994999404,0.04692070391869695,-0.048829672692943554,-0.18016717953825356,0.11023065130349546,-0.028402295928658356
-0.009168896990032004,-0.05486184214427428,-0.0473372483184569,-0.030157187402530827,-0.06063682991497494,0.023257658301822737,0.003111908342169374,-0.04845554064783809,-0.04695730886314713,0.013664503550363813,-0.06145526426252795,-0.06851601396137529,0.0441087437218078,0.0317196082012859,-0.02893997017249522,-0.016510448358527805,0.0007429618835054062,-0.018898138068379863,-0.001981466378865731,-0.003482919894796405,-0.018157398246090545,-0.052586181007627936,-0.036999429937210476,-0.022936933101216687,-0.040970321077764604,0.10460058986790495,-0.04982483302629628,-0.024798486253391674,0.005603670621766312,-0.03877172665982923,-0.010551874459167433,0.03834487830155556,-0.0214667326388159,-0.12321972804960389,0.09340200128822569,-0.016062745741636884,-0.04419681773437059,0.0421619532649328,-0.05609714136971569,0.022583778260946555,0.03545814166397561,-0.0475037133108446,-0.01934933656580305,0.04309329378134905,-0.053474878538194985,-0.18538507788948708,0.10702655316100428,-0.023774700562060335
-0.009568710634387703,-0.06314516023178011,-0.03845138409950901,-0.032550903670775684,-0.06223457559207193,0.02617900676346611,0.0020595498528681064,-0.04300638976007393,-0.040252741154111,0.007998791846250549,-0.06503009138785892,-0.06392880019931124,0.04789042289194627,0.036469400908790105,-0.028896067919264065,-0.02277618997139658,-0.01235481940332826,-0.02224157631523835,0.00011200559830400071,-0.003793563484747049,-0.024640046186985395,-0.04729686837107266,-0.0400932360256437,-0.02046558450880202,-0.04728102256985893,0.08561447418102376,-0.044605491927066206,-0.025620065577727346,0.005505936505269668,-0.03567449446947347,-0.013933043561154015,0.030457115803536453,-0.016594033402581043,-0.12670162598009643,0.08981534879109757,-0.015436908952276607,-0.04240340925703127,0.04338788212736864,-0.061146659756063176,0.01575512674722005,0.038036304803024265,-0.05565332996589553,-0.02250648599839268,0.042400071447481244,-0.043031077683887864,-0.18494704154752398,0.11235987874771397,-0.033720510342601956
-0.007521630586666612,-0.05725877750183604,-0.04269342764622507,-0.0323905762255208,-0.06055066299456832,0.024758331923998796,-0.0036840660851514715,-0.0479848529613147,-0.05598154648937942,0.011750025827728317,-0.06147107151179808,-0.06680249352058412,0.03979593671495137,0.037448692124440804,-0.02157603495488426,-0.03070491790649494,-0.010334133517077357,-0.021989977918943023,0.00027330046030553287,-0.0020330106703739335,-0.026701155965767102,-0.04614705158048201,-0.04174910576271418,-0.02016988126366426,-0.044611692946280146,0.09075117922479044,-0.05304909994712982,-0.02262482930651748,0.013612478477569316,-0.03282955522376429,-0.01259228280312458,0.034987944017655426,-0.01701494577143124,-0.12099929754648309,0.09131705638485592,-0.019276918183103203,-0.03940422491431886,0.040410071641315555,-0.05686066463923797,0.0164896878659351,0.0355310178407621,-0.04498846575259419,-0.024606563784477547,0.049381763519343744,-0.04642406117318667,-0.18193732818433866,0.10860339591800462,-0.026154618125820855
-0.007521630586666612,-0.05725877750183604,-0.04269342764622507,-0.0323905762255208,-0.06055066299456832,0.024758331923998796,-0.0036840660851514715,-0.0479848529613147,-0.05598154648937942,0.011750025827728317,-0.06147107151179808,-0.06680249352058412,0.03979593671495137,0.037448692124440804,-0.02157603495488426,-0.03070491790649494,-0.010334133517077357,-0.021989977918943023,0.00027330046030553287,-0.0020330106703739335,-0.026701155965767102,-0.04614705158048201,-0.04174910576271418,-0.02016988126366426,-0.044611692946280146,0.09075117922479044,-0.05304909994712982,-0.02262482930651748,0.013612478477569316,-0.03282955522376429,-0.01259228280312458,0.034987944017655426,-0.01701494577143124,-0.12099929754648309,0.09131705638485592,-0.019276918183103203,-0.03940422491431886,0.040410071641315555,-0.05686066463923797,0.0164896878659351,0.0355310178407621,-0.04498846575259419,-0.024606563784477547,0.049381763519343744,-0.04642406117318667,-0.18193732818433866,0.10860339591800462,-0.026154618125820855
-0.011391446564130733,-0.05785459684961257,-0.03865247628914624,-0.042580884291961454,-0.06028956892475735,0.025046855939346736,0.009351205407415379,-0.054181742879613914,-0.04758264505531507,0.007589639873781536,-0.056215945518343434,-0.06115579377084839,0.04578643999456778,0.03828724194557022,-0.025951682076289284,-0.021417795166135966,-0.0122031705665383,-0.019924532437530423,-0.004405933886706687,-0.007717730646535675,-0.019236834416279745,-0.048906703855007706,-0.038734866355952954,-0.011676921839054048,-0.04010863713119927,0.09937470261949183,-0.04033370407930881,-0.02990929266575142,0.009048284122637761,-0.03794579702704749,-0.019278023132813345,0.03723016824133296,-0.01851287431172532,-0.12602564773386862,0.09159425527576247,-0.020003809576441066,-0.04398643767332236,0.043503255964594846,-0.060740480920943606,0.01002310111916613,0.036856926853241496,-0.047800490811207304,-0.020905079547673115,0.043759866274211794,-0.042443978468019214,-0.18702350653690714,0.10864939888130679,-0.024554950617617796
-0.01114360134512799,-0.053553697072557825,-0.044193293763627184,-0.030642529690919254,-0.06226394814816118,0.02708125762384397,-0.0011518746901479774,-0.05673691391976642,-0.04698291359415097,0.004477212152472677,-0.05975458071770667,-0.06247453678485784,0.0400088645348121,0.03326195618625093,-0.024537730675847247,-0.022236199103279113,-0.003017014674654926,-0.021101520668535653,-0.00447727369166757,-0.0042813074906306375,-0.01998245691510786,-0.046959534436526826,-0.038319361154019814,-0.019836086267422157,-0.04160041475156159,0.09035342870235481,-0.0461755398793591,-0.0294881905370411,0.01405036157932307,-0.03866671327921392,-0.014104717917902923,0.035027354041866514,-0.016174493956652863,-0.12756960274553605,0.09545961310214518,-0.021361964513830226,-0.042736145883306806,0.04346503329954969,-0.055874994773600674,0.014915224491549178,0.03429279934580152,-0.039161834582296155,-0.021088545924110396,0.046946466263562074,-0.050185394852912554,-0.18363978985600257,0.10560576586217414,-0.025396079069573387
-0.016709955846150985,-0.053663746982740124,-0.04365440525530063,-0.035882454416659465,-0.060548161411921306,0.02054737522225335,0.005400971240418372,-0.04825079954357842,-0.04817433386300045,0.00838643799476496,-0.06325279486140203,-0.06644462982894067,0.038276875400165514,0.03353047371197204,-0.025461245630634174,-0.03056856159357293,-0.006024047681743455,-0.014036472564590254,-0.002848669842530396,-0.0029504398318601906,-0.02290585670287187,-0.0476881920404749,-0.04035177018590964,-0.012672382867371646,-0.04045062162222293,0.10376715859794756,-0.03536211978311179,-0.02761417301756394,0.012119726026094709,-0.03333650991266556,-0.014615655438930817,0.034064893076396575,-0.021313318298187157,-0.1259155815568375,0.0972686467229431,-0.021099080793768796,-0.041086802905260886,0.043334133054716846,-0.0573353522919935,0.017032965167963283,0.03403605981974045,-0.047318825962156696,-0.020492438708550834,0.045877351643782135,-0.05486352578880795,-0.18189802657982712,0.11017837742410633,-0.02706730960156688
-0.0038396644570823013,-0.05728618703607287,-0.0422950479660399,-0.02219994970107789,-0.060811558077515156,0.024465477318303737,0.007789130287019752,-0.04398751458395704,-0.04955434189194394,0.006314720080978809,-0.05621026993273187,-0.06363345661775224,0.05167401034080711,0.029631974361261963,-0.03150892484071248,-0.023717047191605275,-0.008283345780755718,-0.017657192165395016,-0.009107017084533106,0.002113427256077085,-0.017933067109196447,-0.048980777555646685,-0.04033890642468286,-0.017495836624046412,-0.03426892636646547,0.09501767470797029,-0.04601590179755038,-0.02684185108096777,0.0105622609525047,-0.03653737210999572,-0.011709392110494711,0.034600684992957424,-0.013963564206292694,-0.12615674291934278,0.08782238294414015,-0.018889665274104486,-0.042909347845952746,0.04628812966400854,-0.05568238369413322,0.017246590176439813,0.03972737590536175,-0.04717771279689822,-0.01843435045302571,0.04284878213646197,-0.04908881583786945,-0.18526715420478973,0.11174955409043615,-0.02651200738764033
-0.007281275481687394,-0.05472081403416502,-0.048255675702890896,-0.034621966878480424,-0.06217679572495558,0.026478402245012016,0.0030676330199545816,-0.05048634223393573,-0.046876911614626864,0.012098263214347107,-0.05792882258963031,-0.06903050227073852,0.04560157527332716,0.033273958770670825,-0.02534400345178833,-0.029881164577550405,-0.004323647644777112,-0.015864774330540968,-0.001801907284741273,-0.006906308443741361,-0.018531230540491352,-0.05155316373193929,-0.03718522441778891,-0.012917371254673937,-0.03983592563774416,0.09031882507161838,-0.04564227480471353,-0.02895902543091735,0.003960143508576166,-0.036052372085477555,-0.014089486221902977,0.03037037627023951,-0.015620966831496793,-0.132711706899443,0.09006248357214916,-0.0209875418731768,-0.04436253027167632,0.04637197937780049,-0.057375922596007475,0.024868825002364866,0.03990987145325045,-0.041535972782340266,-0.024531072621165426,0.04677113783648129,-0.04836407653112098,-0.18661795581134583,0.10042255949022996,-0.033485987793547695
-0.00568974930706888,-0.060787910694216823,-0.04247385171005382,-0.03795350989144729,-0.060490286056810186,0.020845813148072975,0.008013960693349531,-0.053874284014187715,-0.051922890377991686,0.01119514042120839,-0.0649742863203214,-0.0740255258311203,0.04749087893513312,0.047230318792855164,-0.022665664627585756,-0.024331273721836858,-0.013800467076181296,-0.01731197490023678,-0.00042713438697512455,-0.00043017734495628447,-0.020897265881549647,-0.05048867840551339,-0.031804146936557476,-0.012350224481903703,-0.043527215475353355,0.0994978730263446,-0.04258092098293337,-0.027316931218349914,0.004155131124035397,-0.04224678727132435,-0.00998924131541371,0.03312446973495609,-0.015917821571621093,-0.12778959163169842,0.09380055640296579,-0.008538195399320344,-0.039470751224364845,0.04042569942209967,-0.05580694629803619,0.016781692879427833,0.03263741712920771,-0.046589133869839344,-0.022007310582106317,0.04719356806958765,-0.054571790207837804,-0.18518558451432873,0.10890479153297805,-0.028290748252300033
-0.009497552710348828,-0.05595258563505668,-0.03956086552012445,-0.02983163967770937,-0.06069343777052967,0.02085318995600746,0.001226743128576007,-0.04040148067139352,-0.047444243872746344,0.01064979552203532,-0.059695019168706016,-0.07039275881626787,0.045892926177949205,0.036190473458176345,-0.027435066352103497,-0.02196286831124276,-0.006350067970464132,-0.01614913357086561,-0.00420632429391348,-0.0025067682216851975,-0.023162500630175043,-0.04514344655238713,-0.03798886129901422,-0.025403281545558345,-0.04712657960545559,0.0949058021821078,-0.04398327923109347,-0.026167673160774597,0.005440812322266539,-0.03361008087415904,-0.010658467138970245,0.036733512189029045,-0.02063457133234172,-0.1287680374813189,0.09377120986012062,-0.013361362993549215,-0.04432952100680903,0.042192939173633606,-0.0539895030592267,0.013681851708808793,0.033998153145219354,-0.04836719205511047,-0.01985002897997776,0.04614505596410661,-0.059103051869623884,-0.18552021483082395,0.10976866940857123,-0.02079692992582133
-0.0020459626273019245,-0.057455423618880265,-0.04098418996258667,-0.03572010602817326,-0.060576461636465115,0.019345184702355783,0.005590446001496711,-0.050151772644581885,-0.04948212919798128,0.008172966096795551,-0.06325949227933474,-0.06504905030888901,0.0416341918193338,0.035087541672371145,-0.022133477530398602,-0.015684962620079446,-0.008438833148252303,-0.017695781752637134,-0.0019239367819668546,-0.006927952725929679,-0.01740859743743331,-0.0478422463898368,-0.034925875857008425,-0.018212193384594236,-0.03986902780313139,0.09491337212248889,-0.04414803838247003,-0.026617673127911842,0.008938718665843164,-0.03767261002116191,-0.008887530860660875,0.033732731907921615,-0.022730982003266557,-0.12287106084530712,0.09334106992526633,-0.01835381738979601,-0.04135317867146165,0.043395879567579065,-0.05311901224324224,0.01725930645524257,0.03829646687539256,-0.04746833638655648,-0.023975661953302495,0.04505229395149238,-0.04230172026207268,-0.18673900242010158,0.10169291571466609,-0.030796461720478858
-0.014628354017182993,-0.05113484825341449,-0.049000680433434786,-0.0341380993813672,-0.058836708693663864,0.02243353531293454,0.006063244109555342,-0.049893982875593684,-0.052260465996303664,0.013198027393252711,-0.05970509448757753,-0.06544140948173292,0.04613206229741987,0.034366596169291504,-0.03011016314378118,-0.022344194187518308,-0.004884869211100084,-0.021330194299638602,-0.005464662736762832,-0.0037694150954273166,-0.023609409187850417,-0.04040194296247606,-0.030424238005169614,-0.028780723929288883,-0.04312098287386215,0.09284704505821607,-0.048869244449960235,-0.02365084455816405,0.007139805012055152,-0.036468495337711015,-0.01738548700905993,0.035841442974602955,-0.021439188929564788,-0.12791787628959023,0.09552042929228836,-0.01907147082876888,-0.039670265249438445,0.04047256634160423,-0.05264628714422757,0.02117912829983299,0.03397756537839714,-0.04933121000786532,-0.025088273355774033,0.04918103016148374,-0.04324761934484089,-0.18333337382200632,0.10768651411487128,-0.032316601311111685
-0.009215858602278148,-0.0550177135868977,-0.04622597324003652,-0.027930991147308275,-0.05729793420978529,0.021324550816797894,-0.0008370146045884764,-0.052543765256721234,-0.048531714162134254,0.004768703698064982,-0.06327675791744214,-0.06441217971443469,0.04775765304057004,0.0361958018831853,-0.027704505625662873,-0.02216294786609257,-0.006836739218892836,-0.022591306742658353,-0.002695239749699837,-0.0011946151044974775,-0.024964318745130748,-0.048999184391190484,-0.03326046697425799,-0.018521347435592656,-0.03751918726927586,0.09988150586196556,-0.04907044640664419,-0.02666749595662215,0.007282376142555853,-0.03777485852130592,-0.014732449163132606,0.03711278496024801,-0.02103275246151436,-0.12124381211763151,0.09156058788155454,-0.0064345416710528515,-0.03958737973900603,0.04184517517523214,-0.055193178936526914,0.02038440812336661,0.03407382859542177,-0.04627142406940907,-0.02244410690323797,0.049018801333613915,-0.039774744846646344,-0.18654007487269147,0.10356912651560335,-0.03531660438395413
-0.009350738901541186,-0.053725053473330925,-0.042892370508599925,-0.03478152101136435,-0.0655724087081471,0.028121189150591655,0.0011849152928795007,-0.0424343562065401,-0.04736613363397912,0.006780406277572242,-0.057961234125530996,-0.06669693237594138,0.04712015135863835,0.03719892597796516,-0.02145612487846452,-0.023681058780021146,-0.0025964995973361306,-0.015934949138525105,-0.0003294380942306763,-0.007332618502895468,-0.01939577286182395,-0.043510295717300335,-0.03623241778035195,-0.019940473025063958,-0.03987110624449638,0.08798894756636738,-0.04580866224672922,-0.022828776903008552,0.007237849181703172,-0.03956632385740001,-0.012790931946257628,0.03419938556676597,-0.024101245393957697,-0.12711352201668213,0.09557976215892594,-0.01310099853089432,-0.03800641241936838,0.041728922757334336,-0.05559475636700015,0.01791422116513415,0.03415123078451764,-0.0437357296193662,-0.019688396569827103,0.04690017925915916,-0.04897781293803957,-0.1848617378598367,0.1035191464465938,-0.035449611356655295
-0.016446892142866845,-0.05625476695227027,-0.05035097184169059,-0.028252861103276447,-0.05895408444339376,0.023944654672121535,0.006158411043495596,-0.04583377659184457,-0.052422877369210745,0.009200913650966308,-0.06146138012316546,-0.07175113442306044,0.041873033101984584,0.033265974016582094,-0.02480591733973381,-0.02131027290044559,-0.010336426889167713,-0.01969888006033333,0.0031657118767802763,-0.0011506761383520605,-0.02825546806435492,-0.041284569631603464,-0.03409131391161597,-0.026165426252968332,-0.03758777525806888,0.09521377132879168,-0.04941251507456099,-0.024422376359242652,0.008697965460561195,-0.03326994600804564,-0.014301658366227368,0.034238859827281386,-0.023260244635915486,-0.12915699751767493,0.09763469417995059,-0.011045248380444721,-0.03977057251212821,0.0432803024354468,-0.05352521303178778,0.012957570256097086,0.035737080794844216,-0.03837184017109578,-0.022141656353067796,0.04387105610309612,-0.044709976052789785,-0.18298447901370687,0.10534699861945454,-0.04010481412864754
-0.01301269620180074,-0.06058491661175971,-0.044420392947016094,-0.03827891514730885,-0.057007744555227675,0.022806687836366312,0.006458683378840417,-0.050718966269814064,-0.04236652705161241,0.005291617367181694,-0.05796261305379368,-0.06777917244141878,0.040218588967380335,0.040635211275923074,-0.02485819469102381,-0.0271902144542153,-0.006463540072377188,-0.01895396333332067,-0.0007103559497505012,-0.0022124031429617106,-0.01771480421332497,-0.04729686837107266,-0.0400932360256437,-0.02046558450880202,-0.04312098287386215,0.09284704505821607,-0.048869244449960235,-0.02591987525634408,0.013974566311423239,-0.03943025952557669,-0.013746232782030935,0.03833620691084501,-0.018812503356289038,-0.13024928331978458,0.09193198860729389,-0.01476368269344503,-0.041071466111267295,0.044723072749150085,-0.058825934227607894,0.015046235235775602,0.03834283237971088,-0.04594539899796329,-0.01886713564384988,0.04398316168919003,-0.045472398185665834,-0.18842087131574903,0.10773274053739111,-0.03071634426374087
-0.00567143479867223,-0.05375596917158647,-0.04251271337745383,-0.03380577335925491,-0.06574374597974446,0.020909003557158926,0.0037761940841459906,-0.05009971412632038,-0.05104366533703053,0.003240422819548027,-0.0615140241485929,-0.06521940928209598,0.04035405667723026,0.029346012635818316,-0.0286910608282477,-0.02149207896788407,-0.008385362297735554,-0.01844070577182767,-0.002203661167977655,-0.0011044457728085415,-0.029458990398621956,-0.04900614172227655,-0.03482397845401529,-0.025639243386837117,-0.04118174498732181,0.09754031661774445,-0.04916327997896696,-0.03275049468688244,0.0059112888949840875,-0.040493529558011374,-0.013430588723195292,0.03851055788097459,-0.020758972848362044,-0.13042352018148165,0.09196254993406576,-0.01361882351322485,-0.04128660095617755,0.04338044704507547,-0.054172973287980875,0.01786664066112809,0.039872918241180305,-0.04257798732482488,-0.02529776452372724,0.04248669633046817,-0.045446037079679855,-0.1782035249291867,0.10321612061294588,-0.03478248655757644
-0.009632203151046723,-0.05466009455762428,-0.03622826492676945,-0.025835044471458617,-0.06762874579799727,0.02232099068976449,-8.223204154408662e-06,-0.05514092601563311,-0.04133617675087927,0.00958256880289821,-0.059729375362674274,-0.0634166249909754,0.04570810755307636,0.031177110900559045,-0.026826799479638022,-0.02536376408985635,-0.00834973364034526,-0.018938465939072047,-0.002970963209152094,0.003940069777676243,-0.024397272801634822,-0.041679125965924005,-0.03434932456554581,-0.01837137839406059,-0.033645815125124184,0.09541650777119781,-0.052980462132425354,-0.02871258542760099,0.012240258955508457,-0.03553706878551487,-0.013407240129408719,0.029193996165155264,-0.01965301257324238,-0.1293109123664553,0.09576382193658681,-0.009914750888770895,-0.041419745569235014,0.043411309352941366,-0.052065133843469724,0.023804271907845585,0.040037953596774735,-0.03745426256638721,-0.023611935288331696,0.04652419699357995,-0.04397956014110907,-0.18176255462434673,0.10743416641410632,-0.030046816029566884
-0.011170096244295321,-0.06059673600672155,-0.044211175077254375,-0.03397763229489308,-0.05715198892197507,0.02101251083720188,0.0032146759352955647,-0.05441838167588925,-0.04810349314275442,0.008774040334014223,-0.06147502729011494,-0.0689593643221863,0.04389575595000159,0.0359118485055759,-0.02597486753007697,-0.02102083109293937,-0.010420631400614812,-0.020730778720378085,-0.004232798958684433,-0.004237263645061985,-0.022228342660739028,-0.050330810193607786,-0.03880678795745613,-0.01390514575989985,-0.03454221865275301,0.09021428777013503,-0.04404475011275301,-0.025469829863123183,0.01047467110184622,-0.0353689392690015,-0.013644909918195343,0.03994756667910578,-0.01964456019893393,-0.12890098096972133,0.08999957102528232,-0.012243207942046648,-0.04113020565669235,0.03917058491323778,-0.05286881207080671,0.017637182530732255,0.03561367367027324,-0.042426780180406985,-0.013716755831907639,0.04749522426501829,-0.057010683978624965,-0.18187999698292961,0.10271150524679151,-0.02730450353010212
-0.013022866175968975,-0.05193208313350309,-0.04326242153554799,-0.028412090119513667,-0.06063805756712871,0.025362923735694824,0.008501032543006604,-0.043600435251194745,-0.05372293064322193,0.011070224406105472,-0.05972758693675175,-0.06233639591693587,0.04552116527470846,0.03774005874818221,-0.023569411595257182,-0.02196286831124276,-0.006350067970464132,-0.01614913357086561,-0.0008421845539994411,-0.0015462591385397558,-0.029203697438020405,-0.049873617974890025,-0.038506286172658805,-0.02299508458222514,-0.042877262909129195,0.09530766700458831,-0.05102859335626857,-0.03334582159079582,0.0041903375450408195,-0.03853270230124247,-0.00913077556506553,0.04135464968740029,-0.02202393231844045,-0.12578581454445725,0.08585990152353029,-0.021198022594950586,-0.040087220232196644,0.04474616018144272,-0.04974880889264075,0.01986433614350661,0.03270804630272183,-0.04451864595951426,-0.01758172394328888,0.04520624765260123,-0.042767362748088414,-0.1816556056376373,0.10763690133252046,-0.03245014635151076
-0.009033765855174927,-0.056154592065998724,-0.050670509506296355,-0.032388277302272596,-0.0622629724608391,0.024977140378924647,0.007728094230895482,-0.05603120499007719,-0.05045059293332224,0.006819492370759396,-0.05972591205985415,-0.066972122997796,0.037153609523000244,0.0304301897171306,-0.03292068198836157,-0.016722819487025715,-0.0029903647793614973,-0.01934298400150574,-0.002878975815504799,0.0022283816123734863,-0.02458672030914869,-0.04724272692103727,-0.032979125108058824,-0.022776235223796227,-0.03779516116071548,0.095080963156517,-0.04709119738821347,-0.021011681392114887,0.0039018502875684882,-0.040661834863780964,-0.01703426494933552,0.036716480805451535,-0.015327161344106008,-0.12432787016752236,0.08960062238726844,-0.01977882788019679,-0.03675899913210297,0.04169032101301473,-0.05072782855025962,0.019493002035342467,0.035389111954346394,-0.049567397139053795,-0.02186655033052573,0.04266807905098386,-0.04726689068690325,-0.184773046955587,0.1111909470077038,-0.0376156573240735
-0.013163186335528512,-0.052400304738885295,-0.03993135574730298,-0.0357175336792535,-0.06400209683513948,0.01978710458777144,0.0028755530112683785,-0.048584419049473325,-0.04556860447899442,0.009240300439333984,-0.06322582538223001,-0.07202889954920969,0.04376325546221696,0.035638632764836885,-0.024783645856839967,-0.0235361159514421,-0.010234864480841365,-0.01891814659229533,0.0009788668501708269,-0.004325868822049016,-0.019891388416074247,-0.05149411953842538,-0.03870721879990709,-0.021327766038451695,-0.042730210541788466,0.10462532919459076,-0.05037436393971849,-0.031004308227511324,0.00891708844800758,-0.03381597302002299,-0.010816273503863525,0.036646437546173166,-0.019661258449005334,-0.12287106084530712,0.09334106992526633,-0.01835381738979601,-0.03689239573521744,0.04172142833947635,-0.04862093453852899,0.014796360638654337,0.036943673090767924,-0.04521779541405155,-0.019283507881521993,0.041179059350089725,-0.044231698682434484,-0.17994918457893722,0.10463944291871473,-0.033159275019364734
-0.009356721848900528,-0.055485226026887505,-0.04289287450494973,-0.03287820394197075,-0.06046570568011624,0.028363420909546817,7.375922129537446e-05,-0.05107845798148781,-0.04149616614943979,0.011037322004495462,-0.05791647994756622,-0.07290353147980501,0.041898912208103434,0.03563352605098875,-0.024515471453184497,-0.02923566859057733,-0.008314119843984995,-0.01943714142987698,-0.0010880829011456396,-0.0015912587015724418,-0.026956168085499985,-0.04607921085777323,-0.033082020349247905,-0.015349662326517431,-0.041217691725368585,0.09521012214922711,-0.04932871438956045,-0.02519412755384044,0.010255655603714492,-0.030071227254280148,-0.01076459694700827,0.03512242876094053,-0.01980212685608512,-0.1277017095424305,0.09168672506345059,-0.020246724829942657,-0.03980322051193389,0.040503797268900764,-0.05053959426651909,0.01665375738452535,0.036719088781614735,-0.052361863113783935,-0.01602480093043785,0.04454026195308808,-0.05379919382447789,-0.18297408592629757,0.10987085995415798,-0.04044292240029629
-0.01084932399067944,-0.04909352521411252,-0.05085125262914071,-0.03446284339520933,-0.05878024867946028,0.024837202809309882,0.002489978504795935,-0.04477997894031017,-0.042950701408410154,0.007667683312423436,-0.059744681725862094,-0.061707866501552584,0.045866796338957475,0.03382014983399191,-0.027726865691136887,-0.022089365662005273,-0.010656002755400244,-0.02407848053904242,-0.005270578615627923,0.0014413960623374364,-0.027532382669770577,-0.04999677369582623,-0.03702914656623903,-0.013282046065041209,-0.04326128929773901,0.09045368895964699,-0.04787011272848892,-0.024921714079034103,0.010540446438072369,-0.03743430224604687,-0.01738548700905993,0.035841442974602955,-0.021439188929564788,-0.12720015246578747,0.09349690481263716,-0.02366881208946844,-0.044895103765407576,0.04649380444421993,-0.048940969895095075,0.017637182530732255,0.03561367367027324,-0.042426780180406985,-0.01645648063948815,0.04567382399863943,-0.050180954768365614,-0.18628810384803168,0.10554787283509319,-0.04104033105529001
-0.01091572759874543,-0.054535167193846816,-0.04975300378326401,-0.03604730060015056,-0.057093944336061575,0.021308838958510535,-0.007054851520226272,-0.04272553848513814,-0.04804844679033223,0.003998085231449395,-0.06678777613254744,-0.07021582959286321,0.047705218852404745,0.03145307511896214,-0.028288984189100582,-0.02407834712219963,-0.004380054953690717,-0.015132418283971716,-0.0019150059469723436,-1.3578768258329345e-05,-0.020028008664495844,-0.04758944154019418,-0.03631497158817081,-0.030531725944880416,-0.043291136851143476,0.09504235882274782,-0.04638576476786071,-0.02766611257473066,0.010715674617181268,-0.03977163583258436,-0.009044992642227061,0.03364580251427777,-0.021757459362427584,-0.12932631927532404,0.10316123048950349,-0.021549933441390105,-0.03837510780314366,0.03903065180579573,-0.047333945756343775,0.01957993101445665,0.03560005844927295,-0.04292506983635776,-0.020905903913630366,0.043070079721475585,-0.0536231864124452,-0.18149527497407483,0.10794109385543334,-0.036056020803983006
-0.014683051944925904,-0.05305453304814271,-0.04790447411183242,-0.026037683863664007,-0.05218961375810277,0.021587982134397565,0.004974270836254068,-0.046478538706567894,-0.04547729244943062,0.008482200958517762,-0.05795287421166039,-0.06700941017368924,0.047280988028445735,0.028264015333973377,-0.025005917831786875,-0.021765815394334465,-0.005053128356296824,-0.023396437698683218,0.0008883384065749032,-0.0019207106985562662,-0.03232069960737699,-0.04703634035294958,-0.039920473630113515,-0.025663998149934766,-0.04690716558493294,0.10194527904926967,-0.044672554951263294,-0.03045684523323532,0.00898267352745815,-0.03588072187756614,-0.01317057146449395,0.04020937558386441,-0.022564493746662858,-0.125548946679797,0.08981486526092015,-0.011759112387640127,-0.04748358362288577,0.04381041857697372,-0.05465760557145267,0.018697553446591835,0.035485360130281265,-0.04650670087571669,-0.01656699234140263,0.04694114759967398,-0.04868170188811995,-0.18321229146278512,0.10641567265367949,-0.03500822494426167
-0.009397658605673799,-0.053880936107329996,-0.04178138353655554,-0.030154173496705166,-0.06234913298955132,0.02347531291717781,0.007355070630840995,-0.0522323364303153,-0.047838680029490245,0.010475694497341943,-0.06146626135841548,-0.06927669048904804,0.03879369530411913,0.02844691214136318,-0.014110631414174995,-0.02342789410652663,-0.008367546111411654,-0.01868947144000479,-0.003180791425820225,-0.008189179100087809,-0.017854470576695047,-0.04717692314419542,-0.03293638222959609,-0.02407462294332985,-0.042009439561016,0.09700770730957596,-0.03988190910798095,-0.03187387862785977,0.0071633678340850574,-0.030823645895829806,-0.010761520217572623,0.03978203601089522,-0.020351893270422413,-0.12672294853468358,0.09171641780840949,-0.015421655309303473,-0.04268250332767988,0.04206167582382812,-0.05544437138847837,0.016577071274843633,0.03574196736883148,-0.038348011091733185,-0.02012441303289209,0.047347814604237155,-0.05654283158465285,-0.18514292686657363,0.10448645694724046,-0.029154123098745568
-0.01460528445908663,-0.05626861843494592,-0.05015265567193247,-0.02983163967770937,-0.06069343777052967,0.02085318995600746,0.0039671868258604115,-0.052001509862968746,-0.052351732685125156,0.005601437509697823,-0.052652960430437705,-0.06974395955651803,0.04423914719803964,0.043567757717380966,-0.027481989272972695,-0.016751713569810967,-0.008673375503304622,-0.021039781951648077,-0.0034027759721557125,0.0004028944142272939,-0.019159135604814165,-0.0445303107561728,-0.034487542660564294,-0.022835909010644896,-0.03658658539208627,0.09931783650020899,-0.039247785375282056,-0.02437204435028654,0.010354210590075807,-0.033168210550040045,-0.014400629455102457,0.03262802433382581,-0.022426619228217214,-0.12456774045941879,0.09533498477420115,-0.018579803727017345,-0.044594797741557196,0.042254878145339576,-0.04977521817784217,0.018202518285441744,0.03125849897987457,-0.04533233795801776,-0.019045330262768785,0.04716757053746596,-0.05321544224352005,-0.17853968648585117,0.10408333063690271,-0.027284890946570214
-0.016847187613208307,-0.0627914491843279,-0.0415315323303156,-0.03827834607270764,-0.058720782987727885,0.023027955807021057,0.003921894616183239,-0.05403195786777977,-0.05227017573191848,0.01362503594147673,-0.059691252493767964,-0.0682324965209374,0.04006044823686798,0.03799498073920994,-0.023957718788119548,-0.025434943144857537,-0.00452957571364927,-0.017442331187069546,-0.00539365780509513,0.0014184926743376841,-0.026408688721686408,-0.04378569073621637,-0.030899638797977084,-0.022864723628708332,-0.03627321931632368,0.0925827280962991,-0.044404894795644426,-0.02921414895612725,0.014083495642990515,-0.039699766331312336,-0.014831232557436258,0.03550173749899816,-0.020199856467708992,-0.1305570202907537,0.08819096114594228,-0.012497092947098805,-0.0364853037871321,0.037446684127462875,-0.051489309023399196,0.012446290951151654,0.03437018347902278,-0.03662771165452919,-0.02026399202459097,0.04402755367918859,-0.04667961217637839,-0.18003151689570374,0.10748570935344182,-0.03138220554046332
-0.012882513631235359,-0.051463708696300264,-0.046594577074054504,-0.032062962627530056,-0.06231975483659955,0.022573045329803674,0.0018107319705226086,-0.046112374955063755,-0.05137589576520378,0.005408938829023153,-0.06325678796686121,-0.06859826075696783,0.04717440388027017,0.03036155673660154,-0.023523074744598,-0.018367589802054385,-0.003055261638440071,-0.020617606530221398,0.004037089501899636,-0.0016807254403241427,-0.02350734247694378,-0.04439895921318907,-0.03440165524527883,-0.025433882128417542,-0.03983365619213032,0.09724411507443288,-0.04398073363426423,-0.02365084455816405,0.007139805012055152,-0.036468495337711015,-0.013632959273673128,0.03528833299668532,-0.01909384657939693,-0.1243085002071165,0.09738643790970038,-0.009157223809567449,-0.04282761247940292,0.04070546624599637,-0.05185358952913916,0.023385117640401496,0.033932245181314095,-0.05084785995316774,-0.019189014866991556,0.043160248354522125,-0.054534568004052174,-0.17841791243784724,0.10281206404414114,-0.029974833906442077
-0.005492226421845908,-0.0566499093783615,-0.04694054076985728,-0.026790839184781434,-0.05749481374803796,0.012905836839881918,0.005117795682896117,-0.05040947792249223,-0.0467043934099392,0.008133711498104634,-0.06149536318495827,-0.06477317290092184,0.04917130293846479,0.03063705688328636,-0.024985380958466245,-0.025292254067954403,-0.01216943055931074,-0.02043198841333594,-0.0012457428664216764,-0.0033497261889591737,-0.024896115325319147,-0.045759566874975184,-0.034427917944689024,-0.02896648923019805,-0.04155371115614885,0.10652658331389421,-0.042699979873694255,-0.03205408518188676,0.010693300056777572,-0.03591300226905749,-0.008540883283604394,0.02995099917158823,-0.016066548350076676,-0.12711352201668213,0.09557976215892594,-0.01310099853089432,-0.036665414265749395,0.03888194059780142,-0.049831476586515155,0.014315014439340683,0.03271443073765699,-0.04405645322039289,-0.020331873422162312,0.04594427826060136,-0.055923278497960985,-0.18331909180788808,0.10621312383956985,-0.03260448529994444
-0.01680333083783449,-0.053976011666008024,-0.041435379806603195,-0.04034824029028119,-0.055236403501442786,0.022880477086670178,0.003495186349438365,-0.05225923608041596,-0.0495736200761291,0.01064979552203532,-0.059695019168706016,-0.07039275881626787,0.045999423706584656,0.03409334109264439,-0.02891846001579707,-0.018199674776878862,-0.008252751686844391,-0.01588011236694663,0.0033187021685224575,-0.004593012949935858,-0.028623159374413728,-0.04704536875473346,-0.032850835529367683,-0.02667184026442397,-0.04138871038333727,0.09740708900293135,-0.04684233689256156,-0.02486993205168267,0.011944635392336853,-0.031001249800777418,-0.012223329604652756,0.03363812417923871,-0.019101652103046218,-0.12261044088601845,0.10088639108279022,-0.020564601524708154,-0.040070284645500824,0.04613536166014076,-0.05124204426568814,0.02177372846952255,0.038413684127481106,-0.04387311135380509,-0.024019137372977763,0.04302340866604644,-0.05392031048176288,-0.18331909180788808,0.10621312383956985,-0.03260448529994444
-0.011203799629208217,-0.05723154293623931,-0.04309271415454641,-0.025865709515235848,-0.05564328461813869,0.020813217064180364,0.0005454875146382296,-0.050820870343605676,-0.04427259946556853,0.005234754352245835,-0.06502783195567739,-0.0674746259046043,0.045097283508586966,0.03455098642906432,-0.02028834650144792,-0.021566031802731412,-0.0045670930212023,-0.0169542668283863,0.001060838707835945,-0.000846901315866572,-0.021766907255975576,-0.050629618478711405,-0.03502175766014868,-0.02397710420534847,-0.0419113143871747,0.09015610641310609,-0.0426935005559247,-0.029681605937922743,0.007173862592458318,-0.03275036279157261,-0.010444818907599839,0.03995652709852007,-0.022298610775507644,-0.13103432780695884,0.08997004117778706,-0.02074518095219183,-0.03891392766159202,0.04890734503747276,-0.04727412195848494,0.011564910094970784,0.03425498484921857,-0.04020947154635731,-0.023975984647982364,0.044361930216923806,-0.05348105385717822,-0.18839255933687854,0.10478793184991372,-0.03129175463777246
-0.013217442325552792,-0.0543182577884145,-0.038832540491907916,-0.023934430248588098,-0.06423427209964197,0.022789223910026895,0.008925193411593238,-0.04537190284843639,-0.05642121981972239,0.0012465256054514727,-0.057999171152301396,-0.06297383728229759,0.03945438009327103,0.029806679545723205,-0.020063251974612208,-0.02532602481010126,-0.0026613890614499446,-0.017209970757923146,-0.0030024148986584564,0.002205317781703678,-0.023463133455721513,-0.04624674015753812,-0.030776192316852198,-0.03513330415262249,-0.04294398680829902,0.09756990606477761,-0.049704916639122645,-0.02486993205168267,0.011944635392336853,-0.031001249800777418,-0.010077471138423132,0.038606436875946316,-0.024387221610064628,-0.12482926234838908,0.08779154229619415,-0.01635772625612525,-0.042562247964944296,0.04064309933589893,-0.0560676368395357,0.01819841929771782,0.042910574517547706,-0.03638054579252566,-0.019301617824872806,0.04442907405189159,-0.053035638959936064,-0.1815095694284421,0.1094152755897401,-0.03576763774892177
-0.015010305414471686,-0.054147185896360854,-0.04013413968056095,-0.026174157444588005,-0.06243625483744223,0.02407732157953149,0.0006283426159577807,-0.04675715981125856,-0.044431313236655924,0.011963526445950669,-0.061464234131700456,-0.06819830499755246,0.04664376847946397,0.029271059442154943,-0.018758906153278382,-0.028218231272993326,-0.0010061492374297543,-0.02055891323259467,-0.002449466008991629,-0.0011495414956653363,-0.027211465415178902,-0.04386187132210356,-0.032500725531488396,-0.028695676274119,-0.039730118388684406,0.09731071900950666,-0.045140905568735276,-0.03260154649410944,0.010627491829900743,-0.0338480724252389,-0.01498842245061149,0.035414706370375554,-0.019226602205967384,-0.127527422338424,0.0916561876711296,-0.02139248202597124,-0.04414106931747953,0.04075936486936763,-0.05567138704321443,0.01590281455958719,0.04131853027197862,-0.04178138422844286,-0.02134151429972502,0.04351607918753209,-0.06119120534127611,-0.1764768649721548,0.10926597548506041,-0.03617077414949061
-0.012803396559642737,-0.05467636431916243,-0.04883526215603933,-0.040348670667302924,-0.062088606967945006,0.02377072266644068,-0.000130008980514661,-0.052157130601513335,-0.05269850701974409,0.006606104699851131,-0.05973272455016461,-0.06557731056928433,0.04318158522202928,0.02981146393727182,-0.020600870552263666,-0.015974646611111885,-0.008354731528424931,-0.01666401596500151,-0.0030946842300128598,0.003916738287499943,-0.023273608255244552,-0.04873595930487362,-0.033089814740774624,-0.023713382538440974,-0.03782955167336826,0.10661506299920069,-0.0439160726159423,-0.02514400716420432,0.011911685836233012,-0.029968899760209874,-0.01097546794778998,0.03190110995807751,-0.018136388394224618,-0.12437177546212268,0.09340314129913353,-0.019743328916097532,-0.04425231069903375,0.04356491848152666,-0.05652314873734828,0.012993342810517993,0.03287496012001932,-0.03896029480324121,-0.018322743790284986,0.0415807496078682,-0.050586830762013285,-0.18846000896086337,0.1061590009189638,-0.029802878281227043
-0.011136939989230859,-0.051792286757800864,-0.04418777104914334,-0.03430415056155106,-0.055382767571661204,0.023197590843485247,0.004347757820189212,-0.05580450759602716,-0.05496657858199501,0.0024838616705025883,-0.05623993281988922,-0.060228250672072395,0.04778392739320549,0.038567363548639974,-0.027411836607025723,-0.022922409073223786,-0.004716603928933487,-0.01926410993083848,-0.003716122675895711,-0.0024175214364233156,-0.02765609614686935,-0.0524554758627954,-0.03691377079842813,-0.0255343337404081,-0.03838273123305884,0.09008664909799012,-0.04162764555937228,-0.027812343380708628,0.005495828456094272,-0.03374772646835888,-0.011490201688594735,0.03559703387735403,-0.023828308269091214,-0.12604713173286236,0.09349570863753363,-0.0199874166245047,-0.041315400817766974,0.04060469992351964,-0.05119650381391284,0.011457239114616633,0.0354753063734193,-0.046555519578988916,-0.017645033542756854,0.04712111505560527,-0.05200778471844694,-0.185114236644983,0.10154179745149755,-0.029727672865321367
-0.005539330753352144,-0.056805572605209846,-0.04582875506550324,-0.03413277920538631,-0.0639743902284294,0.023092978532309398,0.010638074393258297,-0.049482509026822545,-0.05469528066757837,0.008133711498104634,-0.06149536318495827,-0.06477317290092184,0.04685471950726765,0.03665199767565762,-0.01907460181030758,-0.020805939280034984,-0.006686639805841429,-0.020279143729227768,-0.005831246239653861,-0.0038356333962757025,-0.02024044525549662,-0.0510948448392314,-0.03688585409868861,-0.022003708692155736,-0.039626573626473184,0.09737733549254227,-0.046301177564649465,-0.023924822323278597,0.007107136380036999,-0.03543604897711711,-0.014574956052517341,0.03719991603830968,-0.022006118827753572,-0.11997568558794934,0.09303544219368079,-0.026133895502157264,-0.039451647109210015,0.03624791217957135,-0.052382468660407785,0.02038440812336661,0.03407382859542177,-0.04627142406940907,-0.02433894274368412,0.04288923272910431,-0.05180122688703835,-0.188247009391768,0.10656405537605212,-0.03460907952074583
-0.009462643484422386,-0.05931606402345055,-0.04067194413607193,-0.024112495287099942,-0.05906993206948727,0.02334855024590124,0.001295523240877459,-0.048402474372554814,-0.04851819710940243,0.009155660512127338,-0.05974299197505274,-0.06062753760890203,0.04400224416327769,0.03381591029249994,-0.027457414157346417,-0.02286891945024622,-0.010975755210667968,-0.02845997294356794,0.0029050068245256157,-0.006401250325904619,-0.024312271677514926,-0.05344709427236477,-0.04068802230498958,-0.020280526794418816,-0.03596485915857302,0.09971927202387551,-0.04620680644364056,-0.02711582716402901,0.010529369173060294,-0.03550474476312638,-0.018649552286612196,0.037578802302716444,-0.02240584034913758,-0.12265202044028829,0.08950835538637121,-0.019538012265184236,-0.04445160188445468,0.04361113662924185,-0.053361017371796056,0.01565106403201286,0.039919686835357536,-0.04105291665131805,-0.012586540742160111,0.0447176893868006,-0.05562337271510704,-0.17974962971729838,0.10651831541142126,-0.037680326807846415
-0.0112170720033133,-0.06075238370508982,-0.043101205356645515,-0.02634569311366966,-0.05898378454331981,0.024848823038045198,0.004218596264808874,-0.04889502176024785,-0.04123143764089629,0.005252654216033949,-0.05619759570256469,-0.06750541176717621,0.047705218852404745,0.03145307511896214,-0.028288984189100582,-0.025276328140812425,-0.008921629728238867,-0.026416554607418923,0.00044142491758947656,-0.005465297820866766,-0.027072504259741857,-0.04873017208579018,-0.03152534842092651,-0.01659795227399038,-0.03751824121594603,0.09294662706144399,-0.050743992765150576,-0.03242097814650472,0.0070980550897884135,-0.028759920464729718,-0.013160976908210284,0.03554941634402189,-0.022013841225381296,-0.12685171759612543,0.09343598330344319,-0.025960801403074097,-0.043896564590591027,0.03792380846480927,-0.056927010669423586,0.021530420972102907,0.034156819026523615,-0.04370867842399367,-0.019480223389301384,0.048302968074556855,-0.049596700396738046,-0.1834010149162903,0.10905859239160627,-0.030826692017322667
-0.009186425341023347,-0.060141747809576866,-0.04733387985603854,-0.03174271809260335,-0.058951099703570695,0.019731622460342293,0.008609344144384011,-0.04658650464901861,-0.04235818890101372,0.00826881088908527,-0.05795977930915007,-0.06561476812054057,0.04578643999456778,0.03828724194557022,-0.025951682076289284,-0.019037640510293143,-0.0015047528175346167,-0.024767590473127276,-0.002786297313341493,-0.006393321159361118,-0.02215816352070068,-0.052291525636717594,-0.04235002240367429,-0.019972954725534623,-0.04475259521270798,0.0883592628957728,-0.052047008132720125,-0.03023204263267756,0.007359459161349234,-0.03701677994075924,-0.012174124130326746,0.03677289478488369,-0.019793818304708895,-0.12265202044028829,0.08950835538637121,-0.019538012265184236,-0.04434975538178286,0.03941979845599841,-0.05103306736277881,0.017815104663056865,0.035370581609046346,-0.050089494167194576,-0.020973985984697404,0.045676569646372005,-0.051684782905552624,-0.179764028030081,0.10799269484731411,-0.03739233348848049
-0.011150247648583004,-0.055314847154828366,-0.04419839552368021,-0.023638697024257967,-0.054016621382509594,0.019101812771281694,-0.0022170051963706183,-0.05426840616766626,-0.05279263355778145,0.006684440014553847,-0.06326151538262598,-0.06612583987213146,0.044160790595194926,0.036458471441037775,-0.028357637286522797,-0.02256018899007314,-0.008620137897924665,-0.021786547809200883,0.00023470014954500112,-0.00377139326391466,-0.02576349890894938,-0.043917817885217356,-0.03098503642632878,-0.02026847102191745,-0.04194747814990379,0.08782863424190414,-0.04285671461889969,-0.02766611257473066,0.010715674617181268,-0.03977163583258436,-0.014301658366227368,0.034238859827281386,-0.023260244635915486,-0.12484919338289831,0.09518453947869743,-0.027991488733860006,-0.03824221682590024,0.0389992342807165,-0.04943969339889705,0.020188161150118147,0.037176320985659476,-0.03803841060616113,-0.014840510852385119,0.04309562801716644,-0.051971349107811725,-0.17991009985667428,0.1062144405562608,-0.034073785326960565
-0.011183778174734687,-0.051948330039315496,-0.04307682019316662,-0.0416084619186088,-0.05531855000023195,0.017166456685129408,0.006110585735082045,-0.0378393449790626,-0.05135306403430974,0.0038414283698213762,-0.05972898048186645,-0.0691330878078771,0.04644982320035651,0.03965631675394617,-0.03190926233703842,-0.020227228903213542,-0.0068549165180752875,-0.02234438735377559,-0.0008253914041847258,-0.00673295516001294,-0.027515700185509803,-0.05135663502090667,-0.037057044739066076,-0.016810632106683817,-0.0360655996643408,0.09271499854312078,-0.046726085623522776,-0.027890592521591318,0.012339288151777846,-0.0386354670244897,-0.0097688203407681,0.034120238390216974,-0.025784016038889135,-0.12328507655698884,0.09910571188323199,-0.016005178965612373,-0.044318751911684794,0.04358032726790636,-0.05546902230386475,0.018202518285441744,0.03125849897987457,-0.04533233795801776,-0.02177676968971571,0.044652419855260694,-0.05757143116769215,-0.18160214970758293,0.10773828682078589,-0.03365198730639397
-0.005676036004434572,-0.05551434490097366,-0.04250362939225006,-0.029349971582517967,-0.05735244643553547,0.01681189875098639,0.0001465411433038218,-0.04999543171609701,-0.05416764961379922,0.006549567397474844,-0.06679626303249024,-0.06527677926447507,0.047307090788491775,0.030634340605199758,-0.02471438890073775,-0.0196800854148551,-0.012708566183483348,-0.026114530213553398,-0.002572356766883954,-0.0011720810643344884,-0.026087844790980464,-0.04866413646989214,-0.031482848438157726,-0.0178952363339391,-0.03959337115028108,0.09278126393709313,-0.04779690819274944,-0.025519906129254883,0.00881832831456981,-0.035471071493660446,-0.010026993100249277,0.037081926752138936,-0.02452853622484316,-0.12380452987500497,0.08950885196924342,-0.023217819355671004,-0.04254960946505475,0.0420306524932969,-0.05755225753505306,0.014619042060117741,0.03718630375882769,-0.03755732443304494,-0.016768146157934673,0.041604848329291684,-0.05043883722875537,-0.18177682583437577,0.10890776064961381,-0.02975862151492724
-0.010956102560774608,-0.0529296705998823,-0.04863752311286373,-0.03032293072489833,-0.05889614776538837,0.024242385184803268,0.008163873289324004,-0.04778820133635029,-0.052170324301411955,0.00863928685396483,-0.06501018883287366,-0.0681166713903755,0.044664875940554974,0.035181865643517246,-0.03341616627959588,-0.02478560044206718,-0.008518179054344013,-0.021003400504462064,-0.0021448413317800515,-0.004551092920753867,-0.02871058412386866,-0.045547943166628795,-0.039803988516194135,-0.024736914501424366,-0.03983365619213032,0.09724411507443288,-0.04398073363426423,-0.026343722029552315,0.008971518930236429,-0.038705296665701557,-0.01024101672076255,0.03385933577823646,-0.022863037953891434,-0.12434989179835672,0.09150182056676731,-0.019761203384133966,-0.03988707850816365,0.044700095936505986,-0.05291086990865968,0.019845065570458457,0.035567986445440895,-0.04394496845192202,-0.018868297177859077,0.04329415642739203,-0.05665420455786844,-0.18492942545104352,0.10489099005689519,-0.033960545897073
-0.005539330753352144,-0.056805572605209846,-0.04582875506550324,-0.027760441135246144,-0.06075128074072153,0.020554009346725965,0.003495186349438365,-0.05225923608041596,-0.0495736200761291,0.008813374246511196,-0.06323934608330425,-0.06923637436106271,0.05159386068338257,0.034106341377287984,-0.029730424706305752,-0.020319151316156987,-0.00547374937004554,-0.028562741953614416,-0.0034027759721557125,0.0004028944142272939,-0.019159135604814165,-0.04960373124218511,-0.036772308288241976,-0.021070841431990235,-0.040974751756245056,0.09767359442440487,-0.05148462331114494,-0.026343722029552315,0.008971518930236429,-0.038705296665701557,-0.012948080473545794,0.034112399737916334,-0.023127669270215895,-0.12595773349108336,0.10107254221235296,-0.021064100417586003,-0.04262860531982504,0.04065869516913524,-0.055014001044487386,0.015945354578581813,0.037025964804336856,-0.04265712306348507,-0.020217221878501654,0.04536357808428365,-0.04624026135588531,-0.18655436919725277,0.10504187387097297,-0.035029416862903805
-0.009151233167061582,-0.049579594386594025,-0.047336828190997896,-0.03430605949686484,-0.053669684541065764,0.022979238186853247,0.007640815128035155,-0.05007492567346861,-0.04930986519163302,0.006780406277572242,-0.057961234125530996,-0.06669693237594138,0.05319257851956503,0.03356329957297028,-0.0276186495584679,-0.019755503584220076,-0.008890383996336553,-0.02463444609780872,-0.0029409823901022794,-0.0012396665993049658,-0.022717550388477493,-0.04541171309225217,-0.03109420937705713,-0.02120723870365738,-0.04288342693227055,0.08838894047306388,-0.0526769190733379,-0.02337684439974752,0.007172480023005566,-0.037501023271289465,-0.011227378767196294,0.03263571464742638,-0.02508278057311436,-0.12391438115152387,0.09901705011388097,-0.02312386214190972,-0.0409832998305574,0.04052666825988156,-0.05646406270487688,0.016781692879427833,0.03263741712920771,-0.046589133869839344,-0.019897205215586793,0.04480854696023785,-0.05954302168597005,-0.17676970913088816,0.1057086693973609,-0.02953487477331216
-0.011090098205374358,-0.05163622649497281,-0.045298842988482475,-0.03049161339917664,-0.055442880888583825,0.02501065055420399,0.008213796084117956,-0.04575897508390834,-0.05225199049849887,0.000955912569282834,-0.05447572778681622,-0.0610442400494446,0.0495698013781411,0.031456174870363555,-0.02856016076740355,-0.015748376140762937,-0.0013757522035007875,-0.0222208673245792,-0.0027870679956873796,0.0005168199849822462,-0.024775735623647332,-0.04621906663887811,-0.034728249559625224,-0.019874173808619177,-0.039626573626473184,0.09737733549254227,-0.046301177564649465,-0.0285347038039733,0.008709295425193584,-0.030446087552951754,-0.012373842474143202,0.03598478723962225,-0.026881925687000357,-0.12704718153582636,0.09536841279512899,-0.02479869031646865,-0.044738774663770305,0.04924079769619843,-0.05400944346295907,0.013116810464166156,0.03692549116491265,-0.0457382855345903,-0.021180343054794742,0.044272846486823766,-0.05106493463305194,-0.18843160556382663,0.10321478598890566,-0.03037739985333484
-0.014675091391540262,-0.05129108855932854,-0.04788995209701572,-0.03190027432129059,-0.062348140343592824,0.021370816665224175,0.008322051110199945,-0.04874318525301845,-0.04088813915676455,0.00571357496539907,-0.0579954329343302,-0.059726709591627555,0.04994112175282765,0.041495217852027706,-0.029770707174687154,-0.02552732798042237,-0.003147076573958641,-0.0236537705323167,-0.002690974650466997,0.005722715100975867,-0.027579187289258164,-0.04980017272267302,-0.0369008188421949,-0.017175780925475406,-0.04111414029936557,0.09527648951420178,-0.05048952217370335,-0.028860442513381736,0.007271895922096401,-0.03584709223899737,-0.009300534485969385,0.036606992077989536,-0.020502190566000653,-0.12415342485583368,0.08957002905083361,-0.02092502700201534,-0.03952078007879431,0.04182963566813068,-0.05624708058851855,0.022849043902100297,0.03542606922081664,-0.048523926232926805,-0.023872224933124228,0.03849692226528441,-0.04661135884366838,-0.1850504302793459,0.1061615332791392,-0.03126963976725467
-0.009192166674622023,-0.04797451257820162,-0.046223786252935266,-0.027927162912024607,-0.05901053292777462,0.02154029606966266,0.005400971240418372,-0.04825079954357842,-0.04817433386300045,0.005791554773819559,-0.06152401028349711,-0.060272949781109544,0.04474334632822926,0.042294114663342784,-0.03254025528487663,-0.023809570472920562,-0.006902751045135408,-0.023871393154533925,-0.00042713438697512455,-0.00043017734495628447,-0.020897265881549647,-0.043719653743826754,-0.03085690951214977,-0.02416307087311721,-0.039588422722730915,0.10663852091167321,-0.04446726379759156,-0.02711582716402901,0.010529369173060294,-0.03550474476312638,-0.012120111472957634,0.035248912933943,-0.01993453025493484,-0.12619997511279807,0.09162479111328449,-0.018858073954647392,-0.03963723730888404,0.04324940270575049,-0.055633300312384636,0.014973857620160125,0.03670086652791152,-0.05288267222821321,-0.022533502975144358,0.0456550578419744,-0.05183325514167276,-0.17973518104656497,0.10504411535447813,-0.03796791343433475
-0.012709685752501589,-0.054364278329057,-0.05105700402367757,-0.03048558982208777,-0.05886791592067387,0.025444268161666426,0.0045008733849090255,-0.046736295693070966,-0.042700110249509086,0.00494299164363908,-0.061505666932948566,-0.06553543616455909,0.040880215420158725,0.04200376843029517,-0.03081438465931486,-0.019937812249498435,-0.006939052572828522,-0.023377068802391186,-0.0031233008900760943,-0.00472701634787996,-0.019724753784665126,-0.05015853215585456,-0.03159199533708729,-0.01883511829756198,-0.03820984946082485,0.09481549738750958,-0.042449762752836184,-0.03022893625444021,0.007108538934027564,-0.03068628435821219,-0.01524385396508928,0.03615059791740216,-0.026173767200284942,-0.13064420949417999,0.08610546815964698,-0.023060368484058742,-0.04106386962692689,0.03915489304396881,-0.053922057893243544,0.019006184303803218,0.029731862817502258,-0.0486776105824324,-0.01957509543575843,0.045631116710274644,-0.05047706461087307,-0.18177294584981293,0.10291346305041323,-0.02970735692490673
-0.007187219060874467,-0.05440911534149697,-0.05047953812955084,-0.03191052586021661,-0.05549701775869434,0.02049844096643272,0.00530720946134451,-0.0523102061330171,-0.04801163260365669,0.006915755937768393,-0.05442441951670753,-0.06753932924025141,0.04376325546221696,0.035638632764836885,-0.024783645856839967,-0.021765815394334465,-0.005053128356296824,-0.023396437698683218,-0.005516729219485896,0.0013955948148440952,-0.02528508935195096,-0.044661733184785536,-0.03457334881811251,-0.020238525068908077,-0.03983365619213032,0.09724411507443288,-0.04398073363426423,-0.024921714079034103,0.010540446438072369,-0.03743430224604687,-0.012428416720752905,0.03750927941398356,-0.026741156222293214,-0.12015007171113284,0.09306587914506985,-0.02498726460726003,-0.0414563332786651,0.04620416735419832,-0.05398918634883641,0.01679524505776796,0.031206714659786142,-0.0468790787170352,-0.020973985984697404,0.045676569646372005,-0.051684782905552624,-0.18678182960737358,0.10610974778365667,-0.029935351654339686
-0.01458951856845303,-0.05274219368825975,-0.05012565941388579,-0.03511512101784516,-0.05524238570750544,0.029204757124137327,0.0038765783712406336,-0.05606213985934271,-0.05218821289001855,0.0029492349471603304,-0.057991219954485924,-0.06328501579564685,0.05124776092019308,0.03803210341682712,-0.025568404432947178,-0.02512939103732106,-0.001362204513500017,-0.024454811228921534,-0.0003509499355527466,0.003046646513126624,-0.022769601595741703,-0.04602203184019047,-0.03459965789697272,-0.02376999665381352,-0.04135719698236652,0.09281421503176078,-0.04833288711035682,-0.026615589892586725,0.008687271280967286,-0.03134173980857945,-0.011490201688594735,0.03559703387735403,-0.023828308269091214,-0.12350028290752908,0.09325086106687058,-0.025473414882778097,-0.04313507285698351,0.04355752438050397,-0.04955172407852763,0.02117912829983299,0.03397756537839714,-0.04933121000786532,-0.017421049191398277,0.04527304534694005,-0.043826189700311845,-0.17805247358611279,0.09899680901025164,-0.03804594032539648
-0.012842991935539273,-0.053070095998001984,-0.04771526577765469,-0.03811689338109712,-0.05703589117350898,0.021604952612866917,0.007077560557313486,-0.04437440381179414,-0.0453871054137966,0.005291617367181694,-0.05796261305379368,-0.06777917244141878,0.04735941082568947,0.03537538771433867,-0.024130471564802913,-0.01877973586594207,-0.007275581449416806,-0.027508192172464804,-0.004275009126769668,0.0009333805302849927,-0.02390676290690073,-0.04684113041413345,-0.03979068853190562,-0.029564354967878383,-0.03900515891913413,0.0977772978979543,-0.05326491083044073,-0.03145446130477864,0.012162812868847283,-0.03154254794803585,-0.008826628131608033,0.03686824076553183,-0.02342257508451611,-0.12045288652914664,0.08932438155749427,-0.02273715596146808,-0.04268250332767988,0.04206167582382812,-0.05544437138847837,0.016640094748658418,0.03815039247193137,-0.052070648750405096,-0.019942489711899887,0.04485040922438447,-0.03762256172837416,-0.1851604004835669,0.11195294756537322,-0.028914372922197427
-0.016616566461056772,-0.0533514143742186,-0.045873915037447636,-0.032882571906142244,-0.057041123002160306,0.027926641507997747,0.00015564550568341728,-0.04701492589435021,-0.0416545319932273,0.008404090019192456,-0.054423339760434314,-0.06645358585816749,0.04240253245737507,0.034357588819696604,-0.02957158497686141,-0.02171065691108442,-0.011312712376899839,-0.03259010534501796,-0.0013871098213082817,0.001814144819175391,-0.025457207525754002,-0.04926855575976164,-0.03499516110330105,-0.020445193184989115,-0.04624545616796029,0.08626670410920366,-0.05622099845158095,-0.03017999711030522,0.008764040658835707,-0.030582704456725687,-0.014574956052517341,0.03719991603830968,-0.022006118827753572,-0.12582962208352447,0.08966232637853175,-0.021166041882451088,-0.03998675053255108,0.0419383547378736,-0.048871504568865645,0.01859919677162382,0.03670519388863453,-0.05286211848047117,-0.021570949283729865,0.04605688433348577,-0.05819147605960114,-0.18154870615306212,0.10783968432842349,-0.034853945457218066
-0.012911612105742524,-0.05851201514178259,-0.04663174835192355,-0.030157187402530827,-0.06063682991497494,0.023257658301822737,0.004148115311914739,-0.04387705771124394,-0.052673901611019286,4.761160068873211e-05,-0.061523756851903186,-0.06598260176407589,0.047252884119135724,0.037472485856110876,-0.02264704961752889,-0.024496457152868207,-0.008602399459979693,-0.022035927423498754,-0.004328855260726818,-0.00252906609673526,-0.022039338196873277,-0.045683871522928535,-0.0328256935909494,-0.023137843486379706,-0.03561697408412502,0.09531513199303367,-0.05119619817985642,-0.0200863702529664,0.007062475016838649,-0.03722774870364398,-0.013475656676433629,0.03537534917996221,-0.020067106792142797,-0.12911209431669554,0.09932628222121109,-0.022724377130393714,-0.04264071422943585,0.03927176996810744,-0.05353059654730152,0.0172720728157505,0.0368655948476058,-0.047758721079293805,-0.01645648063948815,0.04567382399863943,-0.050180954768365614,-0.18510380717212754,0.10606028851165177,-0.030068130373727554
-0.009450612688218736,-0.05579681608031369,-0.04067141409837049,-0.031249314637211412,-0.06246164449898626,0.016560694406779375,-0.001789500041054233,-0.04396924582559783,-0.05457596188432065,0.012091251472962682,-0.05797566948077941,-0.05818586700098477,0.0417665464021146,0.03536050195268263,-0.023324420090129583,-0.017133121402989903,-0.007209533835244825,-0.026228147648637932,-0.0018810376160344777,0.0017220928731567016,-0.02096304053058802,-0.043654122162736834,-0.03787383380500092,-0.02447423108985648,-0.04035360505264713,0.09807372899547004,-0.058451054782314465,-0.02624197094268029,0.012032183829779265,-0.03216878234009392,-0.013430588723195292,0.03851055788097459,-0.020758972848362044,-0.12371853657269204,0.09708484342565521,-0.024288857423456683,-0.0412347246419104,0.041976782846767535,-0.05373799984112481,0.017890330749720774,0.037012000508484105,-0.043157336265937436,-0.02058458531380504,0.043893710692351005,-0.04456162357413088,-0.1870486286112666,0.10560370219248694,-0.02392989981971381
-0.016701194363155522,-0.051899720548358355,-0.04363430434141285,-0.025689167068471998,-0.06080911513427429,0.0202546142704922,0.0005874516618286391,-0.03969834015547682,-0.05595102056648895,0.010341066937983085,-0.06500119228768582,-0.06843813660718699,0.045468981575324044,0.03300095896600221,-0.02415273553709996,-0.02427920818687874,-0.004866211125780886,-0.02157485438139945,0.0019607661843219623,-0.004148913808710991,-0.028878649354700688,-0.048670197336812535,-0.033047100896318,-0.025011759549175453,-0.03409962046707402,0.09975775768339563,-0.046824255598532184,-0.028907007377850177,0.005365627434085272,-0.0296199315741889,-0.00996958050827979,0.040218350723722124,-0.0252192220525024,-0.12972656401979063,0.09184032380953712,-0.018199048454142695,-0.04002051714169637,0.04473080817027178,-0.05080274658634761,0.02178087854889591,0.03698399933910676,-0.04415842832390626,-0.02058549033063993,0.04320407708236956,-0.055742638646564216,-0.18684933502140655,0.10748103324114816,-0.028446214529148896
-0.011136939989230859,-0.051792286757800864,-0.04418777104914334,-0.030813706729672638,-0.057099161964618346,0.02763057555886806,0.0033037830939872076,-0.050357487320833415,-0.04826567926952467,0.012643554757750352,-0.06320779937827742,-0.07266902175686729,0.041953709360565535,0.028803514603213516,-0.02657739041912614,-0.01463123423650022,-0.01064083106775134,-0.022041151534232424,-0.002848669842530396,-0.0029504398318601906,-0.02290585670287187,-0.049417294105127706,-0.03820478898058024,-0.03209224081098938,-0.03769032545525457,0.08821499630669986,-0.049922859439022235,-0.021405798121427476,0.008555501470370949,-0.031965441325352256,-0.012901532459768902,0.03724779182581205,-0.023820183239575746,-0.12130198652802424,0.09306703704805984,-0.028670142621818235,-0.041538175014566255,0.04483052081087493,-0.05144576670938281,0.01685521597627581,0.03427957254270521,-0.039657704113318065,-0.015161794166232749,0.042961982798813046,-0.049852361831379206,-0.18683134564100706,0.10001948281972971,-0.028679851037089282
-0.012716842786095998,-0.05612654129070147,-0.05106530145763514,-0.025861179774375406,-0.05735594641077952,0.021027480012027373,-0.002224696583808342,-0.04219268504427537,-0.051874453755589224,0.00771228175341211,-0.06146326696714147,-0.07282965953044208,0.047811771792767334,0.029354669218256305,-0.029772636641253774,-0.022814265904584703,-0.0028488132464548014,-0.01903477278384806,-0.001299025329791241,0.00010013404546716751,-0.025645092497766045,-0.045279669560812745,-0.031008869816717674,-0.023803469892849954,-0.04273713858192521,0.09770314087629443,-0.0520263588815482,-0.02876186881745822,0.010584040022620212,-0.035640690427844006,-0.011543200339521983,0.037121322732701904,-0.02368747404953096,-0.12756960274553605,0.09545961310214518,-0.021361964513830226,-0.041315400817766974,0.04060469992351964,-0.05119650381391284,0.01757518648466635,0.032541090741271934,-0.049648203692172606,-0.022257601657469876,0.044451399855908645,-0.054392038569240894,-0.1833617867763904,0.11063383280232345,-0.03173961325481345
-0.011223881324140924,-0.050342844025531935,-0.041959654297490476,-0.03811626115605495,-0.05874901115721697,0.021826171287508883,-0.004994749677588945,-0.04265275541158896,-0.0478775625422494,0.004015740173774804,-0.057957045176940857,-0.07025609435731989,0.042296076965318063,0.03645298125387481,-0.02808927836229286,-0.019723370868562313,-0.0032042822347347288,-0.022926099355378465,-0.006031648949583481,-0.00042454537335768436,-0.019859588063850506,-0.05158721613623797,-0.031658710034901234,-0.02107276734643968,-0.03779516116071548,0.095080963156517,-0.04709119738821347,-0.02853731881329519,0.008960713818809071,-0.03677654172241431,-0.011279985937771209,0.0341598450877445,-0.024942502528282253,-0.1186029491144324,0.08920162948017993,-0.0236442104753093,-0.03800641241936838,0.041728922757334336,-0.05559475636700015,0.02038440812336661,0.03407382859542177,-0.04627142406940907,-0.023466082094493447,0.04130672547787874,-0.047853932102811254,-0.17991009985667428,0.1062144405562608,-0.034073785326960565
-0.012958509944484392,-0.05866784046897985,-0.04552169366401995,-0.030166527160649468,-0.055499014585923746,0.022606961024516103,0.004012455000272145,-0.049970795844909655,-0.052432883749638566,0.004520523714131873,-0.061473611384093144,-0.07359099055579671,0.04275543660474217,0.03818843754675585,-0.014676368373694891,-0.018748323052569085,-0.001588788488610746,-0.025801386468257446,-0.0018465772084358314,0.0034584319000023943,-0.021897890167939884,-0.05062410736529431,-0.033456216661148126,-0.01686378236455735,-0.04658333270613729,0.090653754928049,-0.051260990607808796,-0.028909732819448034,0.005615970754460836,-0.03594987240782161,-0.015281780368085036,0.033015265390471664,-0.025480001593626064,-0.12957293116473892,0.09371142844382094,-0.0193312255288988,-0.03691843423521037,0.044515592671061574,-0.05057117243866912,0.020939823626772432,0.029719781355424676,-0.04916755615868868,-0.023538730629341732,0.043915330779985266,-0.04591743676419856,-0.17998824061651827,0.10306487167901034,-0.032244399798663545
-0.011625924269848683,-0.058633032161777565,-0.03310490333304981,-0.03206786274923058,-0.058894658681673207,0.02213600336546286,0.004622201211657843,-0.04361889011229982,-0.05545331108489541,0.01192413621563864,-0.05970009236907548,-0.06791696066622616,0.04307503104982646,0.03190625315684994,-0.019119730925802426,-0.02703366493083346,-0.010857212777832057,-0.02793298820834682,0.0034124857180431313,-0.0011054076217540654,-0.03050354422342851,-0.0524554758627954,-0.03691377079842813,-0.0255343337404081,-0.0393860136726428,0.09291349858547494,-0.050118697086895515,-0.026217616800504048,0.0037849718460741325,-0.03371157932191069,-0.017039124928023088,0.03915121024448878,-0.02407884787668377,-0.1344090155071783,0.09205695500113283,-0.02122147645589384,-0.04269495185719506,0.04067428826523026,-0.05396044789440519,0.0164896878659351,0.0355310178407621,-0.04498846575259419,-0.021591972498340047,0.04146527317523284,-0.04982393535596099,-0.17500978282118376,0.10281083578649439,-0.03144540451950931
-0.007610359606423358,-0.05581122454713096,-0.040475971335496394,-0.0338194189234657,-0.05375362355884033,0.01937363718634819,0.003718864826513917,-0.04210345197066358,-0.049974446693513905,0.008695588513219395,-0.05794595113342661,-0.06840424739084411,0.04258692199046164,0.039368687748310906,-0.030181160250904202,-0.02512939103732106,-0.001362204513500017,-0.024454811228921534,-0.002878732650960732,-0.004683068662135417,-0.021970643899373657,-0.05341400783808376,-0.03354982214808232,-0.0226328164867906,-0.03817522784641141,0.0971475846160041,-0.04228002922069163,-0.024271387248583385,0.01366699461435772,-0.03296389816052395,-0.013150457388687439,0.030890987457550752,-0.021460436296736104,-0.12748469006303814,0.08785325245158349,-0.02142199965021781,-0.03780632755345321,0.0416822481032843,-0.058756833077103617,0.014050647656079775,0.03274653909430867,-0.04303707758613306,-0.019301617824872806,0.04442907405189159,-0.053035638959936064,-0.18666431451696433,0.11083302334820226,-0.0326749194316093
-0.007458800966922997,-0.05182504089505152,-0.04381795533848999,-0.03109508450205978,-0.05735067238922973,0.014703752966044932,0.004996923414925732,-0.03739324087405379,-0.057081388900254736,0.007589639873781536,-0.056215945518343434,-0.06115579377084839,0.05258011725245222,0.03694233009692946,-0.021074195643543514,-0.020301867030323162,-0.0030361362989187444,-0.020859449183933457,0.003027512944191733,-0.006379443924402831,-0.02543565107559318,-0.04181880575089919,-0.028933827605766998,-0.023884486439064927,-0.03921039167315093,0.10457572947300676,-0.0492756805348701,-0.023649610285995677,0.006888951117256009,-0.030138239913669186,-0.007106617430499579,0.035391298627891234,-0.025379041628265073,-0.1275485815255143,0.0935578391102037,-0.021377348255887534,-0.03978711381457682,0.04189177727368873,-0.05203196985034874,0.01532696427944799,0.036879512345743624,-0.047258597736901366,-0.021546433913573266,0.04280208070578273,-0.04938531243261471,-0.1814520894632683,0.10351962492621157,-0.03691872981190121
-0.019583094450805714,-0.08303362472559249,-0.023169842767768654,-0.02327064301615301,-0.06777207782536981,0.018408204006635096,0.0017681054163311658,-0.04814458628437325,-0.05129630691488185,0.005504944734233307,-0.05795573074329895,-0.06917379048603302,0.03099440149973412,0.010174999430480648,0.05564194138609428,-0.009194369959052831,-0.006796077753829483,-0.018803973305546555,-0.002878975815504799,0.0022283816123734863,-0.02458672030914869,-0.050657907706338094,-0.03902082265642489,-0.007416751135650532,-0.057101761244070785,0.10345236984621665,-0.031041511223136708,-0.02327561990598703,0.010485706543609204,-0.037298663632836904,-0.008510566272459883,0.037042464553069886,-0.025369854776437696,-0.12672294853468358,0.09171641780840949,-0.015421655309303473,-0.0407320272154387,0.03907639264050443,-0.05918952667991954,0.0195898340056339,0.03417008065163992,-0.04321228590968551,-0.02026399202459097,0.04402755367918859,-0.04667961217637839,-0.18513220454374882,0.10900625928061297,-0.029492065033717645
0.006618636812196036,-0.10537759189769058,0.016745043265723913,-0.006833087352244686,-0.09318723954677638,0.05095443934509992,0.009402825040763552,-0.05215445839687995,-0.047665931427986835,0.00917820796039033,-0.07033093461176271,-0.06088923815830534,0.09642309168621366,-0.008684156036327042,0.10463736159575292,0.004345639976438473,0.01652584614862044,0.024389948849535225,0.011493480523753563,-0.0002750401641223965,-0.028632774243334363,-0.046773870956759375,-0.03111813086353349,-0.02474257330588703,-0.044476630065418674,0.14937325562765622,0.02240437022456284,-0.0037652483674369425,0.06021975357497762,-0.006402525212901143,-0.004968823986414771,0.04188763879748142,-0.03052242073554483,-0.11699919569971128,0.09481264274194476,-0.023330691618686342,-0.04918197889684176,0.04811671146755866,-0.05654176651350442,0.01922783627701074,0.035421195919747635,-0.04854709307586001,-0.02063101865818106,0.04255764431424986,-0.045000454276560145,-0.1833047594358191,0.10473991294321817,-0.032891962595899604
0.047790139918035435,-0.13072376359718219,0.0626418156056444,0.0106600896711186,-0.1064330819290483,0.08867552706655997,0.03084881670505123,-0.06862202809006507,-0.054847540810990136,0.021226091488295323,-0.06668732492460265,-0.07485934639808482,0.16863153353825622,0.000852278554048887,0.14466756475489922,0.03292804241981358,0.004383352719233432,0.06659704971210306,0.045430942720116815,-0.017930392024181535,0.004500645115220011,-0.04272454321429806,-0.03571466608673506,-0.035538020590503684,0.0043539965623102545,0.20119206100646966,0.12739476007370532,0.0433637301585701,0.12199036175853255,0.03813570877744953,0.01223829689627229,0.0574584134889886,-0.01621905948363003,-0.11228136673555256,0.09628646609802076,-0.03199130903943193,-0.03624569473628679,0.040176381776537526,-0.057654396715019915,0.017524991534426625,0.03826439993859525,-0.048489129787033625,-0.02448851623672294,0.04810989110278867,-0.04792377064713196,-0.1832903767057993,0.10326688142581625,-0.03317903319897719
0.06790470112280464,-0.13323082460403737,0.07488348534665004,0.01632641230801411,-0.11667995223935997,0.0937022774517555,0.03743025623263857,-0.0769573516916831,-0.04681014158029514,0.018466730371112225,-0.0666865603393978,-0.0784032062259954,0.1797347153623542,0.0007775813021232009,0.1428493210713125,0.049800265518058634,0.008041120976750735,0.07090432035396864,0.054064750675666164,-0.02607257793562643,0.037782774841119283,-0.037282863530634376,-0.030119682824791986,-0.029504554930191013,0.023952012806561226,0.2104273048914788,0.14761026495975058,0.07052291368682549,0.12706117216392718,0.05772655576533114,0.022760773226105393,0.06983151713737505,-0.009923048719547273,-0.10923350538776001,0.10014318971225819,-0.01857896840097609,-0.043875869633179757,0.04069701806010497,-0.059886591580761976,0.019482838341522906,0.036819579966327176,-0.04927962824030589,-0.018997404489545067,0.04850340370621437,-0.05277489785846321,-0.1847871522885942,0.11266520333787781,-0.03732634396528439
0.06671543726506014,-0.12063455319428978,0.05551648445417875,0.028610642111982127,-0.11187839515689672,0.09230585036229737,0.05180904613460389,-0.09661573168572087,-0.0401757747358799,0.018751320786557675,-0.07025020951651913,-0.06951708245121986,0.19195685682767008,0.02177357121710544,0.13659161615266546,0.06640881854195921,0.006163830794677795,0.07474828428247113,0.06632618529759103,-0.038587020548538874,0.06005734553988842,-0.03939917981016927,-0.033720256445806986,-0.0330318675877078,0.045431361702223776,0.23336872209898488,0.14801637015285954,0.10303595972098949,0.12626647855201703,0.05616242865308222,0.0416667433520533,0.06974010419958053,0.0059533698123709535,-0.09660836319888239,0.10691586313397791,-0.0235612154598074,-0.037968287189665884,0.04450793867801123,-0.05859404842446507,0.01858789413864467,0.0381361197905099,-0.05257302314308964,-0.01791785551992755,0.048322534687796403,-0.04944857211956525,-0.18306648902008874,0.10819356379423628,-0.038326640851039644
0.03806072857366995,-0.10364133905971624,0.023229166102793884,0.014095297296399882,-0.10843583657964687,0.07895030811483432,0.047185036394288365,-0.09132424005391732,-0.0353094747264422,0.014210548378206692,-0.06673301437490335,-0.07215926061983102,0.17296897850523985,0.05882557914069842,0.1209034685022699,0.056890610458268945,0.011326422150531406,0.06771009802002698,0.05692094557793733,-0.04323722021252224,0.06808057826982017,-0.032954458836719124,-0.03993304774499933,-0.0388090965190964,0.036742703385864064,0.23665449338960834,0.12725383404130622,0.10416844755065793,0.13276235313666038,0.05966145006529489,0.037465138396664974,0.07683290592678323,0.015206797750597438,-0.09201360243839946,0.11049721855800396,-0.02041980273796936,-0.042523028650001016,0.04480739427900315,-0.06052410171891597,0.02397868429968228,0.041225973369340994,-0.0448300515413299,-0.01943276418721076,0.0496389380875233,-0.04915589144101093,-0.17823643511686846,0.11216412704332188,-0.03425608971780811
0.014262506614043411,-0.09762500826796572,0.01225156656329287,0.008952354377871237,-0.11154399101663084,0.08722034696786399,0.0399319502658241,-0.09426105270284031,-0.02882250739085182,0.010673470966699124,-0.07028574345400468,-0.07066895005035709,0.1708110867732636,0.07704499989421064,0.1285644841958488,0.055753152725450936,0.019110380271940286,0.07337551272491226,0.04940786612475611,-0.042838766039229086,0.07448643727803445,-0.02972256164185048,-0.03952069150611066,-0.04217882133440996,0.030469670787947604,0.25947291423199437,0.14175525518399912,0.10539596076991074,0.13676774092141658,0.08090445834888764,0.03439298083585771,0.08430581631161108,0.03457059846179696,-0.08206364374427831,0.12320985573814085,-0.019640113625506862,-0.042761973632783334,0.04764702761468624,-0.05927839696837811,0.022791005788277995,0.04972464317365422,-0.04567270998252849,-0.01317913680103848,0.04902820264129686,-0.05975000959074934,-0.17820781117333392,0.10921442211427475,-0.03483391748678644
-0.022219745384908087,-0.12260807251012557,0.033563099289644995,-0.009717380388116224,-0.14567775196186708,0.13926555150960843,0.06121625503740751,-0.1415962653424471,0.011148276461945194,0.024735541654421375,-0.08077214777176424,-0.07646986340827591,0.17113579120775638,0.0967939449222366,0.21113016824985634,0.04269811349514461,0.02706524382456347,0.12719730093037473,0.03248290689746702,-0.03190592594028642,0.14465049854007414,0.0025131739753150853,-0.05211866933669727,-0.027945484891384938,0.013948415209261293,0.3421642103811802,0.24558183403984254,0.08071622478319543,0.16979600274400877,0.1725386281663658,0.009074072009925386,0.11694564983523095,0.12271727777433014,-0.04206852173010022,0.17080368138791263,0.025640140026907343,-0.04673098384842339,0.057798322111483336,-0.05505958512947674,0.019748351214229357,0.06373970504393495,-0.05245815023504666,-0.012910822456699878,0.055692853671049265,-0.057539315578742985,-0.1798099780924871,0.11842062916436762,-0.03656710607318267
-0.04218286512662303,-0.1595153063340353,0.05238577049562175,-0.01609211498861866,-0.16677531765222883,0.17360753134984389,0.06802545065545328,-0.18707801208811045,0.04997104447002415,0.03590400662136805,-0.09476697675291579,-0.08519568045133517,0.1777317392855429,0.08300267797876613,0.2769123371297516,0.04303875749899595,0.02819842894765658,0.16706169398343368,0.02677654139429007,-0.036246644433680815,0.1963732715004867,0.03049817705743169,-0.04534909334139263,0.013386872111761592,0.021114813455578908,0.3990810202129758,0.3330544949122234,0.08024099927970708,0.1829628604730318,0.24505298510608334,-0.015343402775539826,0.11452012022509596,0.19100309485460382,-0.03807771283572978,0.21683960325841026,0.08507029686466577,-0.05274081415519465,0.07231534508548094,-0.04826117689064664,0.028931530760005767,0.08804065039136882,-0.04725090460690207,-0.009347075865482479,0.08401608399315014,-0.05328810523435404,-0.17623362286375438,0.13529999910379473,-0.042026760574791
-0.11439937490016726,-0.2536332273214875,0.08880529384332826,-0.05597994924761131,-0.268686480532212,0.31004007778685233,0.06906822625590392,-0.3528704743186963,0.2002917670537968,0.08408511995880798,-0.1417540324734407,-0.09143366852757838,0.16395245214038282,0.06691503379322877,0.45497864241721464,0.0003128839783601866,0.011605064764413068,0.2974060435837566,-0.008364223934740874,-0.04821493486103999,0.36371014903296156,0.08811505196476237,-0.011319047980773142,0.2215493688764392,-0.004779550814514363,0.4888896287276481,0.580374498750781,0.008900084627889014,0.21807350129710806,0.4389712039160384,-0.09716442427670574,0.13156795809138097,0.39810184048953423,-0.08357000173696767,0.32889224656875815,0.3476541021700068,-0.10109828046814683,0.17522789342103356,0.008174504309536633,0.01754393463677731,0.25795606624675205,0.015308819757393026,-0.018753814452384845,0.2363186890874911,0.03110716705130664,-0.1634769369085795,0.2722990868930303,0.013884803250048226
-0.25024804148827806,-0.32060769654455823,0.06301400868907428,-0.15518180944086934,-0.3415559131719347,0.4023117906364167,-0.008645084443183477,-0.535174718513069,0.3135995976635539,0.10811767965029592,-0.2218048290613677,-0.08127326694528544,0.05453306818607746,0.02088510688480028,0.5402561294446145,-0.09097341706415807,-0.008206285358890165,0.3699574767223057,-0.0690560180871884,-0.06159954310070462,0.4636840816886696,0.028894148349540245,-0.031058454468586558,0.40591531022204197,-0.120624310690187,0.4694033587453185,0.6225195576100142,-0.11020192810164434,0.22000634161739877,0.5497122337973054,-0.20756105188955265,0.11758239009930398,0.5142392202169335,-0.21959293761418391,0.3820799184997925,0.5164431488071437,-0.16820403035750814,0.2550538675973562,0.07453329582827771,-0.030163615905681628,0.3879470157781674,0.07099710588040817,-0.06542294925768412,0.362473051734797,0.09017502615449129,-0.19230213300119758,0.4327241563005611,0.08813976207068834
-0.33109930118256353,-0.34817169668671577,0.032470932792242786,-0.21851652202864125,-0.3775693234156297,0.4533858042920118,-0.06581398290126238,-0.6327641794077556,0.3547176844935579,0.10363955953733124,-0.27403932452641966,-0.07343937155178618,-0.02077501848904147,0.01090412890846887,0.5735315689509535,-0.14702006215912244,-0.022088277165634808,0.3880398340248782,-0.11577730407810065,-0.0639487489753064,0.49584341591964165,-0.052596968789053435,-0.06299425666443934,0.4984765493564782,-0.19446687067658192,0.4472190796208202,0.6152105959628045,-0.18838741464848133,0.20988228684424307,0.5893099602143673,-0.28654750925428635,0.10712409206503042,0.5637803692933563,-0.3325345220534227,0.40076286541768363,0.5818130298006657,-0.21641259180961409,0.29394863819705214,0.11088953190085182,-0.07368936087830819,0.44039275368815145,0.09654372861234148,-0.10717867424355365,0.42878116072770744,0.11359600960127557,-0.24686897124180762,0.5269651093419949,0.14604606439996193
-0.5238968268083513,-0.38740145633039313,-0.0474728321398959,-0.3974924903138028,-0.425769573024689,0.5499222386621804,-0.15470136810922328,-0.843539978445192,0.3923226485205134,0.0660462944283811,-0.34582219161037575,-0.05629180066040546,-0.1783247910189826,-0.03676969567146925,0.6419402494614396,-0.28381483299533106,-0.047786089689111716,0.4235035134122275,-0.20089720065029762,-0.059888145047826226,0.5463497471955628,-0.21363338878067312,-0.15512038351228472,0.6824286718020908,-0.36777188252622667,0.3636354804372529,0.5906006663849727,-0.36862651924651396,0.18167426398110686,0.6786570900768694,-0.48126213962070863,0.09878962999645928,0.6595420754321693,-0.6262477294880684,0.4840682037858026,0.6576544816915254,-0.33594081198742926,0.3715720754986471,0.22001605466177498,-0.19596870914001965,0.5435151446594925,0.13890582259512513,-0.25851192724776434,0.5528505402719232,0.15865197188383573,-0.38621786990646184,0.6892426514655101,0.24382770496463946
-0.7738847774055528,-0.42569345702826694,-0.16910231853271365,-0.6556830332480933,-0.46148385545333737,0.6516366636810896,-0.2370341594182293,-1.0549782203538003,0.3565384489741527,0.021192843804925202,-0.3640942523479293,-0.0557372091605057,-0.3647760053094179,-0.07209552090188515,0.6965486358624694,-0.5042297611827933,-0.09526395075794336,0.4071636247770621,-0.27720045300279766,-0.027700809044060828,0.5321740003333699,-0.4101218637196948,-0.3415142752168818,0.8185601749870682,-0.6220661382089692,0.23830245820891643,0.5498940536097445,-0.6596319143311506,0.137757615375774,0.7440265874326135,-0.808660716976545,0.12104505400658193,0.7304756540091403,-1.0129746722470254,0.6138334469312261,0.5971627222412019,-0.5262654824359079,0.43838092572465476,0.3741377598637975,-0.40272223685304864,0.6157568105560046,0.16687064069410404,-0.4644981781848134,0.6629847256214749,0.1656022775205342,-0.5365949303527715,0.7888310518186359,0.3045508415715725
-0.9136173147190219,-0.455853225996965,-0.2692415651181398,-0.7935053046169893,-0.485724350341847,0.6943472452979929,-0.26651718656001216,-1.1230610512489425,0.3123495640380413,0.005185927384525263,-0.3505297124189148,-0.05747289686389174,-0.47759220047435635,-0.08042816888013794,0.7123127064833131,-0.6623033530428688,-0.13304766851617095,0.3736384005017838,-0.2876417091993932,0.015266910974650815,0.49059007058538373,-0.4989587169229282,-0.4153590687263855,0.8803194293886829,-0.7946872104701116,0.17584509572324178,0.5171496281608222,-0.8808815144733733,0.11375897494273374,0.763187955856975,-1.0557389641333816,0.14691538274174876,0.7533979484804023,-1.20278616511577,0.7133350233631631,0.495460433610288,-0.6370773419399521,0.44937270292002945,0.43209744039847553,-0.5450444101276092,0.6471247102764204,0.18716855632696244,-0.5947203128021311,0.7261139738255623,0.15092553880127443,-0.5781882160917616,0.8283515545259332,0.3250046328063009
-1.1902937291752702,-0.5194190163159981,-0.47398898569415404,-1.0607873876663196,-0.5378593387388346,0.7514782723321417,-0.30688313890176366,-1.2044584218606655,0.24503599589494127,-0.0004116083736224141,-0.3106441156586439,-0.06618815156375674,-0.7720120362490384,-0.12582231107715097,0.7438678767802958,-1.0684047708800768,-0.23988641555088722,0.22260214300975886,-0.20778546656117064,0.1645664985760768,0.3483336232314034,-0.6306602801927729,-0.5855172963249663,0.9939034697011762,-1.2110735118429807,0.11049287407159898,0.36462247537605147,-1.3867230520232845,0.07938758211150866,0.7752814303478768,-1.655633341376129,0.2168108465722455,0.7298805611591113,-1.5551058078895605,0.781988121362321,0.3329328160849915,-0.8526776460327181,0.4748859622199959,0.5615007590695408,-0.8272059159225381,0.7031618567386815,0.2174938145296695,-0.8295740688936534,0.8416961659229304,0.17851154679487777,-0.6204315468396652,0.8467166983046629,0.3494321816504767
-1.3113760381498463,-0.5618913866382986,-0.5830738382664791,-1.1776570264716333,-0.556562870610488,0.780028598893598,-0.3146686593261107,-1.230015616001998,0.22215605298835067,-0.0033091539926704814,-0.2984991831993319,-0.06931277237560535,-0.9481942498517961,-0.1382057137291761,0.7652143520851683,-1.2853288225224764,-0.2883222776198776,0.1318247616698998,-0.1372382871470378,0.2697233839597484,0.2594913490776684,-0.6670156014879393,-0.6532514945439917,1.0460296431518443,-1.4329836111219296,0.0831067412844125,0.2850731582075777,-1.6412896641681236,0.07963121198981357,0.7801167795968881,-1.9444344015923756,0.2382819065021425,0.696554718398497,-1.6723441671095076,0.7830947134348077,0.30339166279118646,-0.9473895923749472,0.49658113288800004,0.6437769216422984,-0.9361060518753556,0.7430487331591107,0.24397006051527242,-0.9266679015822085,0.897794317527828,0.17807742420497386,-0.6253889115768966,0.8604966834676503,0.359212521907222
-1.5698821054159624,-0.6662229891647479,-0.8447686232167365,-1.3818401043708404,-0.5854950793726275,0.8422103850085277,-0.3190351874091834,-1.270158085015598,0.19692310410259198,-0.01141272700879055,-0.25145646370389246,-0.07242326143326897,-1.2968385204257895,-0.15788015943920747,0.815674547391684,-1.6829304689396871,-0.3853285113538456,-0.08393964657102868,-0.024953654014134567,0.4603607734721813,0.11955431392643223,-0.6834735904945298,-0.7557352566618347,1.116500116111555,-1.8361039657971228,0.04940784448689426,0.08617678124399172,-2.112175051726263,0.10100332270535645,0.759250733486922,-2.3760179273614184,0.2524841835822549,0.6084116229689402,-1.8012384363892415,0.7469300970941272,0.31330145073916793,-1.1396520506986398,0.5553568254891982,0.8651841618995635,-1.1326707059581667,0.8181197225405019,0.3017673984892671,-1.0911321527481115,0.9978815682011329,0.209218058383461,-0.6108765123886484,0.8314163307890443,0.353311026077812
-1.6709024635911025,-0.766941896916583,-1.014778478213806,-1.454747687560319,-0.6265648715884777,0.9170657741118154,-0.3021568273996621,-1.2482326059943922,0.2235973796765899,0.0005044706384880166,-0.2320631499415132,-0.07666358155852634,-1.4869668276233783,-0.18069552400811503,0.8683110743742392,-1.9015341220365023,-0.44256295707670906,-0.2029149854708265,-0.03323670006431637,0.5318258356427966,0.1170688859305773,-0.6278937676804951,-0.7139067278561851,1.1022298187001036,-2.0183517555971067,0.028834714284855803,-0.01536936518854395,-2.3584479962512668,0.12000067653113163,0.7779505981836436,-2.5855164053257997,0.2643275200623156,0.5817087172617645,-1.7343333905786071,0.7171219073869486,0.41034031620503536,-1.2768682867870325,0.6381403153587708,1.1379725491836687,-1.249966128764056,0.9192821507726157,0.3940840107427396,-1.194849095616135,1.1122434736456375,0.2748225853143899,-0.5587382440748633,0.8634076395081717,0.3751462928428235
-1.6868372382480736,-0.8281959988797722,-1.0945260863824857,-1.464977519711607,-0.6422207430678394,0.948491088022326,-0.2878224772433852,-1.2576454446271959,0.24657543671969465,0.011118989964968806,-0.2371868781585827,-0.08195746567907095,-1.521403812847072,-0.2028219017774388,0.8879620456920407,-1.9641091470033103,-0.46117519507284366,-0.23600663709310474,-0.032935722755434,0.5406538966991413,0.13305537525869035,-0.5714912451883838,-0.6659973760114597,1.097332529376809,-2.111630652352902,0.015291536173878783,-0.03270617640568635,-2.445368148146223,0.11801291549821663,0.7791781254935991,-2.623367273690064,0.25742446154928533,0.5875526073154742,-1.650799971291294,0.7141894440159614,0.5032150130244705,-1.319797029737476,0.6486684614735514,1.1945222242211149,-1.3196770424813546,0.947380663712887,0.4283138689774486,-1.2443444895810873,1.1619489735279227,0.28968652543945395,-0.5332685795832952,0.918582572299617,0.4090301733822045
-1.4799849494888884,-0.8979708884245482,-1.070823367332649,-1.290878655105095,-0.7151712134999899,0.9391470117704098,-0.22571325457742986,-1.3181438633933658,0.3686902115924949,0.057057723631047476,-0.2731614402731639,-0.08439173848307767,-1.5086197853843686,-0.26502313740400424,0.8235727292889135,-2.025576664212338,-0.5755794573033779,-0.37518092686223464,0.06720485512559798,0.578633612372085,0.15570502550615098,-0.5675162224970473,-0.6288404771103775,1.2332424130768813,-2.258801399327503,0.005337003942775993,-0.1154560000069719,-2.6251586475635227,0.07379749509825365,0.7054576910232034,-2.563219087036256,0.15397464406409425,0.6473815346170934,-1.7925474701214843,0.7015388712408883,0.635232701167648,-1.2365350815304743,0.5611386311536198,0.9037019062915937,-1.3823000305306803,0.9515073547025269,0.42423691308024963,-1.5711807027686415,1.4430254703200396,0.425386152685311,-0.5611469817451737,1.170900143811423,0.5971958678506066
-1.2863065470754258,-0.9599500900435155,-1.0082560018809545,-1.2179579010799657,-0.7386005618715384,0.9152135410980862,-0.2068166699211405,-1.3019192627078993,0.3975548683713386,0.09003245788631435,-0.2743651204896674,-0.10020674915870663,-1.4846771471713047,-0.3297473042183545,0.79310103982677,-2.035020657932229,-0.6585188239090981,-0.45726866946018846,0.1029646579051665,0.5705295066891629,0.1611912126522986,-0.5349472049712128,-0.6040401283595822,1.2513676913629406,-2.386299227124947,0.0028219705939081445,-0.05574142548109791,-2.7242200661256515,0.0016410631854003287,0.6373860773625861,-2.4886902415188774,0.11003967945373096,0.6744745522521848,-1.8090279125602449,0.7059092046451223,0.6833176029092695,-1.1300643814246407,0.5167414672013154,0.7284390690896393,-1.4164748034359442,0.9569129752326615,0.427242765330424,-1.7275510590327734,1.5596397944415603,0.48345305459161153,-0.5813502639818473,1.2918618377749893,0.7033588460138901
-1.2445554381820263,-0.9440176884157105,-0.9691658150153528,-1.1972430498274875,-0.7490164845302463,0.9112045243375653,-0.20321880444140614,-1.2957573577434376,0.38881389652838316,0.09112276492621066,-0.27436424503257517,-0.10744808372281657,-1.473162304024981,-0.3392661580495057,0.7603848384435592,-2.041731642903541,-0.6886122703071712,-0.5008834478731762,0.13512995698274827,0.5745370159622801,0.145521359232617,-0.538096542498272,-0.5978408116894088,1.2460969570511964,-2.4029815506783305,0.004173974644622649,-0.057327899456463716,-2.734879905234288,-0.015524008442293994,0.6021997726714575,-2.4346046204991265,0.08166519777235225,0.6653787278956337,-1.8311898910492386,0.7020577588401137,0.683846197961855,-1.0934954467372628,0.49206075738590216,0.652284756156652,-1.4181651819490462,0.9412342027448576,0.4175615953089609,-1.7881683907239347,1.5958484983362133,0.4943228279265027,-0.5924043539510929,1.3274855354003783,0.7345639300301315
-1.1546659060669906,-0.8523872250755754,-0.8606061789181197,-1.142164628684255,-0.7373240565375475,0.8423849494522674,-0.2103099676689635,-1.2834963696643866,0.3650461965079627,0.09301363864845018,-0.28824505857577776,-0.10923079725830345,-1.4211334636900619,-0.31630808191103627,0.6538764076919747,-2.015458486973595,-0.7087099897870937,-0.5404621990520772,0.19941841362071186,0.5848406533840909,0.11041609173117026,-0.5342262873451658,-0.6329776702451145,1.285545797816996,-2.277244641549218,0.011694148305059666,-0.16661722280217656,-2.6782800577339643,-0.04507830794014184,0.5610262634588041,-2.2226633135647504,0.006312205964564279,0.7166032939962035,-1.8813897677933464,0.6242948198334608,0.8084073854266598,-0.9836280643900492,0.46658643882477946,0.5347043282191402,-1.404718318275245,0.9671868127703176,0.44404827735573743,-1.9113194305150614,1.7395345557336421,0.589619197939777,-0.5685454950180246,1.5008930195734325,0.8973321074438593
-1.0500020723361483,-0.6775166874956362,-0.6821553208400057,-1.090842121465127,-0.6876905139120175,0.7136333948722455,-0.2363112883414707,-1.2439299863145967,0.29580112337474024,0.08806104915868541,-0.3074503124845369,-0.10800723641174186,-1.3432220995671855,-0.26559324905126097,0.48945933859096524,-1.9687764122162361,-0.7030295323432587,-0.573657091163296,0.33938843174516276,0.6123310941982569,0.03153168606770611,-0.5640720609232867,-0.7579729597523821,1.4019295605430913,-2.0628368075310948,0.030591829247043668,-0.32699636804077065,-2.604168955960311,-0.054526441731363055,0.5065239164282137,-1.8745900251946042,-0.11114230802389391,0.7806945552650869,-2.016715476042645,0.4591548909245137,1.0501485445128182,-0.8541008366143328,0.42207270347279824,0.39080805227707527,-1.376953573538202,0.9842019329040008,0.46177802154268105,-2.0716373441635016,1.9323149182665589,0.7327601301024085,-0.5171327483884628,1.77201375861605,1.183337672191944
-0.933975544638387,-0.5237111704957521,-0.5210868988273833,-1.061047292127798,-0.6312457986370785,0.6065497790010028,-0.2615339898329997,-1.1775368711778678,0.20965494607956753,0.07748463485391452,-0.3093737922235289,-0.1016085651413651,-1.2897698151438364,-0.20567855438528276,0.3809633241980173,-1.8972155236355799,-0.67254781663094,-0.576061784357341,0.4176828963198036,0.6299054677318758,-0.04455671224743861,-0.5826690144086373,-0.8824771241734786,1.4625347106109006,-1.8850134507512348,0.0496808343295472,-0.3912663987296196,-2.511950125201554,-0.07120292381232209,0.44646669924084575,-1.5475175408420767,-0.21310999321780466,0.8153806024023469,-2.1711492175032716,0.3058836370248101,1.258042492223701,-0.7640966211062351,0.40732772384420274,0.33191444501678763,-1.3664282991312182,0.9960395596836931,0.48174250696934723,-2.240936987880391,2.1247578851909754,0.8713015921981266,-0.49412583452277814,2.026599681643515,1.5163484394038536
-0.8807127478622866,-0.4837430167436059,-0.46539941441035654,-1.0374213509986412,-0.6123182719603586,0.5712432625010349,-0.269452234023286,-1.151818679258251,0.1930346948313182,0.07496878021417028,-0.30248987090282503,-0.10640672593935672,-1.2646166892028108,-0.18956536039324987,0.35103697636891706,-1.8724961773477566,-0.6607754781035411,-0.5741943201299332,0.4425168402671076,0.6246148994666486,-0.06967052773582925,-0.5891424511586748,-0.9090494582411724,1.4820806120581418,-1.8233098837163992,0.057868105324773614,-0.41087772411102874,-2.472115922881805,-0.07527690651717185,0.4360326665189334,-1.4532155779932256,-0.24033474892911164,0.8243750098077701,-2.204548066057355,0.2603984100469872,1.3184960595186663,-0.7383558360119479,0.4013283394077529,0.30737028584862386,-1.3553903367292113,1.0093726200151318,0.4992298342983989,-2.2764602387395434,2.1810250125144153,0.909312409087317,-0.4881241351580786,2.1140172198818727,1.6465255437544217
-0.8373207329049505,-0.4551774789950825,-0.42989787736380775,-1.0217124937311641,-0.5926853305998657,0.5493166969033826,-0.27770088587260944,-1.1307546570420046,0.1676895870276578,0.07547439202368673,-0.29897731046880544,-0.09916472364648636,-1.235701971180785,-0.17974431682745987,0.3264740783385141,-1.8354492052793374,-0.6417837376673837,-0.5596187292371152,0.4513020551708358,0.6213648054885058,-0.07966526294962883,-0.5889850556577853,-0.9375441011139765,1.4991228362324076,-1.756048906036316,0.06740451295525024,-0.4211839007059846,-2.4170440904133663,-0.07336684024701197,0.4152377244325121,-1.3638088093340275,-0.26616769584805483,0.8332179866531126,-2.2399407566742644,0.21927134103798873,1.3808839026127848,-0.6959471076550012,0.38885213265803703,0.27376424302790153,-1.3343369906778202,1.0141636583484193,0.4956461448116477,-2.3098445569143733,2.2339863966611997,0.9546727457758089,-0.48211027305333043,2.1898410983748744,1.7583677968566778
-0.7102344371144382,-0.3814560081346423,-0.3358114607291023,-0.9461750029336651,-0.5576886108187975,0.49113060973159395,-0.28147715457841216,-1.0798801038163406,0.14594406115533914,0.0705688745134996,-0.31297134029687856,-0.09821170043006963,-1.159891324345533,-0.13999816870792545,0.26814059716511024,-1.7493252346063892,-0.6130339199359385,-0.5257563346107865,0.45313932477811486,0.5998565678940396,-0.10844052695263884,-0.5976135316814478,-0.9819980889554901,1.5396125869045576,-1.5860076844331503,0.09463420579009357,-0.4403958196240975,-2.29650326341872,-0.06122552629735324,0.38134147136055246,-1.2084778414516257,-0.30987238449788806,0.8524649540442744,-2.315083782871135,0.12198387334660357,1.5209709886856588,-0.6209316201804707,0.3605921497871569,0.20036244003871506,-1.2775984830520923,0.9945866635317362,0.47125190386192206,-2.3550240857262645,2.30568252697611,1.0366726348160538,-0.4721247299990975,2.3350303747147345,1.9983757643852504
-0.6226202179972294,-0.3314785642242465,-0.28644957983348757,-0.8890436696618116,-0.5259563540077509,0.43525507753928044,-0.29248280416865896,-1.0476847993060634,0.11891328052458564,0.08155717067840225,-0.3457528304243421,-0.10632273709017563,-1.071919750381885,-0.11715430061851967,0.2135332508763176,-1.6787882560509093,-0.5691123813629766,-0.4951131747363439,0.47119250206863655,0.6090764138502278,-0.15311998710241467,-0.6277078957694242,-1.095597055883403,1.6516080747805066,-1.4293217808074075,0.1144573144262641,-0.42997970186921397,-2.1875853631696076,-0.03256096250838948,0.33992685310497855,-1.0837765135425106,-0.34868960985817665,0.8449655942003912,-2.504626000655024,0.027429024834190407,1.6572191625213577,-0.5358348745919981,0.3100248108073535,0.10655640538374946,-1.185379472121011,0.9306412924704766,0.39332633786186005,-2.3760389656206025,2.335856634939404,1.0479954485136063,-0.5223520132490633,2.445293330740021,2.2381751275704613
-0.5455213941567826,-0.2964368103577174,-0.23722294242741893,-0.8517098876653202,-0.5048397635178133,0.40980006674893643,-0.3034565584624103,-1.0709468970742109,0.12274123609965597,0.06990218337210193,-0.40477287159854075,-0.08968030020815179,-1.0051487252779716,-0.10337465307442256,0.17065954193119243,-1.6177845114541873,-0.540292084716648,-0.47839656464469826,0.5104206639382434,0.6507081617248012,-0.21102751408969486,-0.6918973191553355,-1.2650448162819468,1.8503284820694614,-1.304967355207471,0.1285199844776158,-0.43443166606485417,-2.121237662043319,0.0061124723653785676,0.28655440716017583,-1.0550877956254239,-0.3616100368113029,0.8093040531251912,-2.82252039923705,-0.0556704025080181,1.769259556720959,-0.4504885034868835,0.26119293121479065,0.02370079181602056,-1.0761996633705386,0.8379117185802296,0.27444001858673844,-2.3640026770600597,2.2740692205575788,0.9749485602346095,-0.6534945720320546,2.4870386318443902,2.3722264990400195
-0.517408543939176,-0.2836493196102005,-0.21518292919676282,-0.8409021459176216,-0.495020150681115,0.3987818262713654,-0.3114821088809271,-1.0779414032132484,0.1265353389016071,0.06446883714516591,-0.437579242092158,-0.07246148377578902,-0.9742951061919496,-0.09681729266088851,0.16499575976555686,-1.6043196375410005,-0.5168308346030385,-0.477152325748942,0.4896109060172225,0.6620546371295438,-0.22469281444597225,-0.7316494527599547,-1.344618298321077,1.9531433276817416,-1.265776805575827,0.13198875674654897,-0.42370435729621575,-2.0842930057812845,0.026057463386397216,0.26905455722932314,-1.1040922241232494,-0.3494402705055073,0.7726578238931613,-2.994634464602118,-0.06513866092076447,1.7782076572301229,-0.4212158406487277,0.2446592126231006,-0.002216917065537477,-1.0279879642560028,0.7960625673415064,0.2312938743744528,-2.3681767027282614,2.2470349197193062,0.922411124080703,-0.7403983894407822,2.4877774358666773,2.397910842697015
-0.4794744112120349,-0.2690696514147124,-0.1990466514016528,-0.8325612723469734,-0.4832576942226375,0.3922661416547158,-0.32648239790701405,-1.1245447775264585,0.12783005739189232,0.04588960649653478,-0.5340690551667869,-0.03455824196921724,-0.9467556111141746,-0.08188431692901536,0.15212675581705173,-1.5926890954823356,-0.48620356609412685,-0.4640921136857222,0.48725446777564446,0.7270284680046355,-0.2918873970208397,-0.8484500647084084,-1.5152055774634714,2.229791204195256,-1.19279432364489,0.14026725885928565,-0.4220932879700008,-2.0553752790881985,0.0792914587455326,0.21855643609238876,-1.2721768101581181,-0.30995438228449196,0.7038631431442146,-3.4419383224297793,-0.04025683415538002,1.7182652676639045,-0.34205938240843753,0.20943499787514558,-0.039210091917461394,-0.9438486220012733,0.7196085038054626,0.14862567753948436,-2.35757021848445,2.1776921555474655,0.8049452830751781,-0.9690071712651075,2.516174157302883,2.4466220728076804
-0.4663900008080872,-0.2737507308349948,-0.1999149133869709,-0.8420914580654083,-0.4909138096194963,0.4136173791779744,-0.3334544548717954,-1.1372925384954564,0.1459693454251334,0.03975619231058335,-0.5632572112510983,-0.02166453591410597,-0.9413934903471411,-0.07856090904027214,0.15207366003165618,-1.6024737265887532,-0.47714319888681794,-0.4528212118881353,0.4911769996724944,0.7391266244012473,-0.2943385669235142,-0.8704862888955801,-1.5519436700597709,2.3029320898938086,-1.1721676266119525,0.14933322928368314,-0.4282705273020171,-2.050766815727955,0.092986740513296,0.2175801077254647,-1.3396629839547776,-0.2927244326426186,0.7008659510158446,-3.5144291310522333,-0.02905319923979406,1.6995972437161089,-0.3224073953893924,0.19398576808771872,-0.05077476950403374,-0.9292879048243975,0.7047763294017476,0.1303881447227074,-2.3461488479092663,2.1679255486140683,0.7990214470440371,-0.9965368895524005,2.524318829507086,2.447850277894157
-0.47111821183719044,-0.2813944968315009,-0.19478644073665757,-0.8486024034202024,-0.5007511472921469,0.42475706392424734,-0.33283655463729617,-1.1934189684780372,0.164103462400492,0.0373084255987071,-0.6381703033146238,0.00524189330917077,-0.9419197445656371,-0.07268472688494014,0.15881832381515185,-1.6023962452273819,-0.45366417666165954,-0.4343942845137304,0.4736204299242212,0.7627180903727225,-0.28556635683383164,-0.9246198094617579,-1.5678094473287651,2.40024913118185,-1.1462783826540441,0.15997750258128815,-0.42702345145185117,-2.048258151811303,0.12763787616111466,0.22612692938562626,-1.4827646719105125,-0.25176377782666065,0.6863453475151294,-3.5731719265964235,0.022992433780063378,1.6176471306700573,-0.30861291658652096,0.18816819677782462,-0.06116523092058774,-0.8899724480173435,0.6809478030051093,0.11005677644915783,-2.2583610873485767,2.1108659813858996,0.7411603839041031,-1.0255049175000983,2.509646282910075,2.3980707188220824
-0.48293758766610095,-0.285406579915104,-0.20488401398422165,-0.8635428442222542,-0.5051963999289042,0.43927233337008276,-0.33931362139225546,-1.250501060703165,0.18104771193423325,0.02279895857792609,-0.7164321313504906,0.0425917482506654,-0.9505792719875156,-0.07498781836821136,0.1530738333655399,-1.6278101430087155,-0.4519216213989069,-0.43809857672458075,0.46440624224098087,0.7939029478288704,-0.29339773091844046,-0.9859332677704832,-1.654915666182723,2.537552347462071,-1.1384846735300553,0.15503833362342814,-0.42556904972428533,-2.0505243983594217,0.14345052625750257,0.21469453871560948,-1.6224775474359343,-0.21546359142871724,0.6484266624821471,-3.705288989359244,0.05144583382345696,1.541759120979287,-0.27879277863940105,0.1709102177310215,-0.07626443463912039,-0.8582438939207092,0.6528356142712138,0.07759484330281993,-2.1895046506068576,2.0244117217968873,0.6657386421377773,-1.0997534249055838,2.4579746520436925,2.2824264688631026
-0.4768351692504633,-0.2813715059968037,-0.1992039743078348,-0.8800081409235345,-0.5117121952039196,0.4457916553242136,-0.33684335590812153,-1.2825962881166832,0.18462460019664026,0.003095691019718735,-0.7891888399182118,0.09606094673819136,-0.9471265245226534,-0.07004622974364094,0.15412527551178276,-1.6318110936287653,-0.4446735633922049,-0.44429612074304653,0.4685244438255171,0.8229778432457967,-0.3168235214512927,-1.0207406215285775,-1.6987738088171367,2.608126007101844,-1.138662793033295,0.1616807250585449,-0.4431818847940564,-2.057622687292885,0.15737559861276582,0.21177273497942412,-1.6792224305942802,-0.20258023704298422,0.6351164361164345,-3.820839199314481,0.06778292354515147,1.5000958420617911,-0.2741765644165971,0.16529244416328326,-0.07859373373058684,-0.8363405007763662,0.6332080876670257,0.06904190005900952,-2.1872099377951715,2.0100538101289835,0.6573667233348814,-1.1381760662867024,2.45219858464853,2.25716711207815
-0.48782607820539964,-0.29486329531804806,-0.20210835865856552,-0.8789891405177617,-0.5112274593557291,0.4568614787735515,-0.3376402312308187,-1.3068299429225005,0.19962348143165853,0.007455247942381276,-0.8023959948688896,0.1010067037517485,-0.9617012789540276,-0.07175464741886219,0.15633115454417199,-1.6523088467974172,-0.43689266146178773,-0.4275537101568516,0.4387129890882634,0.8372871604439625,-0.30097967821805005,-1.0731467952376106,-1.6965441449700585,2.6771991848644743,-1.1243097011541037,0.1689027857524708,-0.4394451730750725,-2.064365496906484,0.18131687488580397,0.22461416712230292,-1.8388908022669357,-0.16294087883433903,0.6321668911634107,-3.8962393649909712,0.13910923782210896,1.3898698129492633,-0.25673846855409466,0.16200206593317742,-0.08017974806658815,-0.8155434403730042,0.6335960782724692,0.0556077993861809,-2.1815143378755986,2.0306511393127566,0.6581249842474629,-1.166494168673508,2.4989471926858675,2.2877356622024085
-0.4802280856850191,-0.29622110693037185,-0.2008746174392239,-0.8749102646337323,-0.5228651534240234,0.46743729064763195,-0.334703591442937,-1.3138815736721048,0.21197048936930057,0.014034532991341372,-0.8201204837371414,0.12336470653588316,-0.9639136873065223,-0.06185776100491348,0.15947617840490588,-1.6451906200386437,-0.4258869598538333,-0.41580739793669763,0.42326812549581594,0.8355772842792271,-0.2861172291207746,-1.0925056686448338,-1.662308037850253,2.6652695983682206,-1.1195464858894597,0.1727703987793577,-0.43617929148507234,-2.0690532679162748,0.19019444246290512,0.23156520893677907,-1.8962721429023484,-0.14655691482604613,0.6283628313413153,-3.8927743410815188,0.17324635996456692,1.3320453545571918,-0.24963470851987601,0.1590385733428665,-0.07811263375724338,-0.8134360045024848,0.6303738420498871,0.051303446499396305,-2.182494947876344,2.0378340178946197,0.6618357513547672,-1.1820507493789474,2.5243976179422862,2.314916666981172
-0.4749125254418185,-0.3004265461260645,-0.19657174943982147,-0.8701965697546501,-0.5176544835060438,0.46881880515211954,-0.3300928626034065,-1.323807231840063,0.24877515069168343,0.026725353717531024,-0.8443886422787807,0.1369025376675054,-0.9585209133186919,-0.07679885991092532,0.1656718205406972,-1.6483408770499266,-0.41908246453382925,-0.40736695051986477,0.3714172481011233,0.8250484505450116,-0.23912498472319554,-1.1430559446680681,-1.556183530161065,2.6235068474771994,-1.1104748253638637,0.18262275639216582,-0.447183998671539,-2.0639605542009947,0.20257043214895806,0.2305228072323229,-2.0126684552896728,-0.11368955619074483,0.6199909195435634,-3.8749968758536126,0.2714878528437484,1.1682101297184948,-0.23995317417252743,0.15454947366831878,-0.08757513888992782,-0.7909832386056879,0.6092313175080161,0.041090763876082126,-2.1526313597772457,2.0255024632945378,0.6534333458350535,-1.217123471708902,2.544259225465556,2.3078979051259956
-0.4749125254418185,-0.3004265461260645,-0.19657174943982147,-0.8701965697546501,-0.5176544835060438,0.46881880515211954,-0.3300928626034065,-1.323807231840063,0.24877515069168343,0.026725353717531024,-0.8443886422787807,0.1369025376675054,-0.9585209133186919,-0.07679885991092532,0.1656718205406972,-1.6483408770499266,-0.41908246453382925,-0.40736695051986477,0.3714172481011233,0.8250484505450116,-0.23912498472319554,-1.1430559446680681,-1.556183530161065,2.6235068474771994,-1.1104748253638637,0.18262275639216582,-0.447183998671539,-2.0639605542009947,0.20257043214895806,0.2305228072323229,-2.0126684552896728,-0.11368955619074483,0.6199909195435634,-3.8749968758536126,0.2714878528437484,1.1682101297184948,-0.23995317417252743,0.15454947366831878,-0.08757513888992782,-0.7909832386056879,0.6092313175080161,0.041090763876082126,-2.1526313597772457,2.0255024632945378,0.6534333458350535,-1.217123471708902,2.544259225465556,2.3078979051259956
-0.48771534439936937,-0.3323588138639199,-0.2038622115430002,-0.8968306609529267,-0.5539203274674618,0.5392947588314123,-0.3177718704100048,-1.3779423380970284,0.29919371213544577,0.06344004361321207,-0.8820581283138107,0.1558573718939499,-0.9757478163250387,-0.08456120733213972,0.18518698897131575,-1.6963993669585669,-0.4180313561706775,-0.38185261660870623,0.34106208948902117,0.8198278292328517,-0.18299032366410567,-1.147627061203983,-1.4253348341488574,2.547570447511184,-1.1368633858292234,0.18142532728270502,-0.4470964357376236,-2.129804652162064,0.24167035994917355,0.3051521699603759,-2.188734875897374,-0.05504738249479826,0.6583005483053606,-3.7141930635769227,0.33182478821859535,1.098397684533964,-0.24619290107278,0.15891774700334668,-0.07963083164196375,-0.7915045238857293,0.6231420802199971,0.047595318505822264,-2.0594276981505995,2.0037433102529785,0.6459435132605073,-1.165394842917232,2.534811205418336,2.236487059450707
-0.5068863117405551,-0.3488608995470768,-0.20958238413999944,-0.9002343678632195,-0.5605680921137604,0.5440078536131994,-0.3194428657374968,-1.3959610931741722,0.32573629498439083,0.06468308098078768,-0.9179281658203926,0.18642367764491216,-0.9986303887341567,-0.09286764354148394,0.21029532444745458,-1.7063039144202512,-0.41230761611661926,-0.3654357699607165,0.2906174563443367,0.8023486854632623,-0.15118047779283156,-1.178361216470125,-1.341846906886455,2.4953218481905743,-1.1588633769727184,0.18918135952882142,-0.4628888211209347,-2.135913109068347,0.25886185883684804,0.32906358531183955,-2.276410582512944,-0.021006188090452828,0.6618932783222553,-3.6391916633263413,0.3677845976433041,1.042717707589842,-0.24249640957999813,0.15741366393586684,-0.08125085752395175,-0.7861890631826677,0.6275198884596761,0.05025916796659682,-2.014247002305234,1.9722884020859153,0.6272591536819558,-1.154374348886322,2.5113994607492307,2.172541244311736
-0.5169995872366904,-0.3522653204801082,-0.2107137369099853,-0.9090943752003069,-0.5604310602966768,0.5461616318478749,-0.3135772708967677,-1.412596683873134,0.3387293549329413,0.06906004496917342,-0.9209319706229974,0.18827849504262156,-1.0133795480624481,-0.09153394061058057,0.2156991683985972,-1.7166957944454213,-0.41389351337875013,-0.3625800811616207,0.24520563070292162,0.7910316234944942,-0.1287529931421726,-1.1812342003808636,-1.3165435069433844,2.4757455204286725,-1.1652041990035622,0.1858295408516711,-0.45811636516899046,-2.1438846865336783,0.2613094324252423,0.3401486140339879,-2.3126174317883064,-0.005849941564208745,0.6625613713822485,-3.597884820108119,0.39214820211688134,0.9974330890577374,-0.24567655347714296,0.15615484589152098,-0.07985286001845383,-0.7699968664412131,0.6174781013911905,0.04383364742432689,-1.9978303298939684,1.963328944501053,0.620739256180668,-1.1498039233645783,2.4862697582587954,2.130049679734193
-0.5438552491653112,-0.3661938826928424,-0.21507692584230081,-0.9357772608869918,-0.5670160373824806,0.5864307483451853,-0.30949166282945084,-1.454022231097103,0.3703830635702565,0.06640311608154767,-0.9487380934704174,0.21283268284088136,-1.0376832775201783,-0.09698105759973294,0.23479059358424928,-1.7290961888844143,-0.41175143491071164,-0.34293546411152265,0.1944194570380472,0.7640185121516269,-0.08091207437303702,-1.1831833649042212,-1.238086580620411,2.3958259451560653,-1.181100964431215,0.19232921121326527,-0.46440249144005236,-2.1443932682733906,0.27648071188862133,0.3729863320741656,-2.3685556501882834,0.02836697471748755,0.6721546419551219,-3.455721891518182,0.4113202717538829,0.9683329752406746,-0.24186006220071832,0.1546345631786276,-0.08360401582307524,-0.753022896988161,0.6151500222786168,0.044449419457879794,-1.8880557561766018,1.888231020364079,0.5864998397488709,-1.1076251384832534,2.400868002167796,1.9887353398157066
-0.5628761810292676,-0.3813613518651926,-0.2322939288347944,-0.942090973101786,-0.5714931004450565,0.6001666005319138,-0.31080014252142896,-1.4630179633446712,0.3919600706133299,0.0614819361009564,-0.9668666942998868,0.2301678684521706,-1.0471706281193138,-0.10350363891475405,0.24738109697059377,-1.739965676280698,-0.4041132209480013,-0.3272532567843761,0.16101414008405174,0.7493491969070517,-0.06023573937965175,-1.1859995938355408,-1.1947312402974883,2.3577021532051488,-1.200203238595141,0.19158116315148813,-0.46726406228089545,-2.152703536658749,0.28590171164005,0.3969846561495223,-2.367616163922365,0.04039540193320877,0.6822924398150201,-3.3674606421365723,0.4272289923084201,0.9409680494143091,-0.2463231290751378,0.16028546887343428,-0.08167231130251003,-0.7475138412419574,0.6133462558550755,0.04328986867460713,-1.82651453823764,1.839212804770724,0.5781720382074855,-1.0738931005070638,2.3499616807071426,1.8998550492173762
-0.5974703249726877,-0.42767136554259005,-0.2474842929608819,-0.9861545468704013,-0.6020771259183049,0.6745435479972108,-0.29056024759727606,-1.5100259554099609,0.4594636052038343,0.08918591493083272,-0.9993260037933719,0.24410930066221806,-1.0956684109136676,-0.12490248435869199,0.29599932727698,-1.7877777419849137,-0.4130086038727631,-0.30335928475835383,0.09489876990305665,0.6914512212612032,0.04134643563830461,-1.1339767598355943,-1.071250855159711,2.2334561313014727,-1.2491100611399262,0.19500394502875176,-0.4644701322207755,-2.20037359310825,0.30909590316834373,0.47170298682133394,-2.4079735820373953,0.08135999108825795,0.7227121347411702,-3.077247723302946,0.44143099074392894,0.9474957044280103,-0.2563974180614545,0.16750198445312528,-0.07503018610812325,-0.7322715599350248,0.6187468057320875,0.04413375881107141,-1.6935470361019067,1.7550182457304195,0.5517295421545952,-0.97985586696788,2.216063723968497,1.6848403817491118
-0.6253237607289304,-0.44687943317434126,-0.25350424198556337,-0.9965962821216479,-0.6128375171376543,0.698972473664123,-0.2771472998430571,-1.5261818316920193,0.4958126901369343,0.11064646783122757,-1.0162219160212527,0.23442477197538888,-1.1180568679708756,-0.13723145763221473,0.32320167253031856,-1.7947103868172598,-0.42426001791890905,-0.29858953516498454,0.05074939984268493,0.652781323135045,0.08913576127174729,-1.0902548348467973,-1.0017733453924036,2.1424340159260202,-1.2917905821645912,0.18363580089439394,-0.4590365501514866,-2.222061906109067,0.3083175363823927,0.5095141058713223,-2.3677060647854775,0.08608990680723055,0.7505947354553503,-2.902345312126731,0.44380760597945845,0.9617560924223649,-0.2614658070598129,0.16765870921673676,-0.07482203237687518,-0.7252980676706982,0.6200213908181437,0.051478281596508725,-1.6179695034531854,1.6941848179291545,0.5164384170739797,-0.9370489912210367,2.1318575228464614,1.5617257320896276
-0.641946138647972,-0.454864949484217,-0.26372228647482576,-0.9975768056391116,-0.6141616178297741,0.7066153508108192,-0.2787159461057991,-1.5182575523465751,0.4982599016742913,0.10916920249583212,-0.9966510753754512,0.2296694194160282,-1.1310889179040555,-0.13998676337304433,0.3364702922619491,-1.8015152561015437,-0.4317547298307892,-0.2956415103129516,0.04278662574524577,0.6417222872019195,0.1000033091623323,-1.0799632063146545,-0.9977527974881922,2.1328982475962337,-1.2975797818129624,0.1839092653992689,-0.4508006469487247,-2.220971041388123,0.30599215398715607,0.5237201601832082,-2.3554757992926323,0.0845482734763518,0.7533222637308284,-2.866134764139155,0.44464848426079384,0.9662018493719824,-0.2719078452850038,0.1748701588470573,-0.06356221965742262,-0.7298766414687529,0.624782062478398,0.047710441187189694,-1.6294289839240563,1.705226684659708,0.5371058041443015,-0.9258210982949584,2.1292315805191624,1.5562917146600126
-0.6832874179337871,-0.47202724055681067,-0.2881049783760422,-1.016391793063965,-0.6170225299630724,0.7172790807197112,-0.2796018436649807,-1.5093710995767502,0.4975985044627077,0.11666131191775245,-0.9628047031296629,0.18140515011848984,-1.1779084988153063,-0.14597430026272165,0.35323065170357176,-1.8253092330018517,-0.4433821405987692,-0.29614547858730117,0.03119685346617,0.626571982791313,0.11879153602179612,-1.0454211969337293,-0.9575499389399181,2.069426597772206,-1.3576838879356603,0.173128575126249,-0.44734806998277826,-2.2678246015139485,0.2870337444567139,0.5552459990082304,-2.3266167375275035,0.08130100314008484,0.7732992788180245,-2.7761556229578592,0.4405286460044037,0.9788906265367716,-0.29089187258454885,0.19049550569666854,-0.052828781014023544,-0.7642579127872828,0.6542862025419361,0.07626584307389687,-1.6432571637325994,1.7396035077107923,0.5599470525777248,-0.8954070363593883,2.1206344114173485,1.5388574286474355
-0.7021304479085299,-0.48099019773322554,-0.2967569831641984,-1.0263884684912248,-0.616311446649868,0.7308721952558265,-0.2746188804734875,-1.5158812921418543,0.4865462241388389,0.11408217699536713,-0.9485241073242027,0.1653028377524898,-1.1871607096746004,-0.1569116961803264,0.3706187403497243,-1.840173290698256,-0.45009084346747974,-0.30510929037468143,0.035044117570838945,0.6203341685563774,0.12729048670501328,-1.029145601052186,-0.9479735684684572,2.0368070641453797,-1.3761804787458018,0.16725737164836357,-0.4291162180735617,-2.2814864705471587,0.28117980485606914,0.5764855529102451,-2.2940079931894046,0.07032261232022748,0.7864270684091865,-2.743396008265553,0.43925080201773636,0.9740268546028247,-0.29743843511986995,0.19615238240131913,-0.04824837160993931,-0.7777933942618371,0.6719540096351045,0.09185568649424149,-1.6616052292926249,1.750944030288466,0.5630628998004982,-0.8828835589625851,2.109616331425446,1.5189745327814974
-0.7524123061399034,-0.5044604511896236,-0.3254799383987441,-1.0409654699829636,-0.6290023988066498,0.750547993454266,-0.2646135831537995,-1.506902730398289,0.4851276339794148,0.11425070392140153,-0.9166161770304155,0.11664405422419039,-1.2326433937189756,-0.17141405893029038,0.41250341274156166,-1.8542855456625527,-0.46619388939421236,-0.31004416491026626,0.04204372716569728,0.5944109737308781,0.14752656638859443,-0.9722233727919236,-0.9259648670900166,1.974551985399629,-1.4299104877124482,0.15993366173964438,-0.4065830715520834,-2.31427615918023,0.2500916582447537,0.6143405948956622,-2.2155525664941425,0.05079502203731378,0.8186820382783108,-2.604910204766997,0.40740047082775155,1.0383669613063293,-0.32612607088520434,0.23113600384858377,-0.009873468719101473,-0.8224033348791969,0.7237023470820835,0.13540679327286176,-1.683575372254901,1.7917517947837316,0.6093040874432997,-0.8368683630702826,2.0920991229164247,1.5028195872648678
-0.7875847392138,-0.5310549941442033,-0.3473318151941013,-1.0628484415268724,-0.635740502374624,0.7853193751313126,-0.24903464160151867,-1.5138157401503423,0.4929442579194648,0.12612594700712498,-0.8914838039775314,0.09251916237439052,-1.2676381825497944,-0.17553121450781747,0.45337957004364127,-1.864639852232749,-0.4740859211023645,-0.29305026612383056,0.01650798159955438,0.564421845257351,0.19360945301048404,-0.9137437791619384,-0.8908211673082163,1.926511383130229,-1.4668569278488695,0.15441645579615856,-0.3754299749051137,-2.321143058938812,0.2518462983445471,0.6650554723388684,-2.194316945094946,0.05539746252740402,0.8433945043669997,-2.460818426301205,0.4111915347754729,1.0609435283312956,-0.33633095543625235,0.2478299332338287,0.011885841965355052,-0.8401560914061508,0.7571141680490034,0.16807550166484408,-1.6697975324043282,1.8148047505862444,0.637846796485674,-0.7722578751227129,2.086597947774052,1.475354090769643
-0.8585496880723753,-0.5850712345888145,-0.3966851066913765,-1.0669836715566485,-0.6543947420045952,0.8209359126220813,-0.22853419041596607,-1.4894108464969598,0.5252213393606797,0.1534599247660373,-0.8409659476510715,0.041754090254234454,-1.29946424316524,-0.19642067309271471,0.5302710842751391,-1.8655219285517446,-0.4860145581366151,-0.25869444296778016,-0.013963842432695299,0.5009058396958036,0.28343851061520686,-0.7862197885132224,-0.8005990970345048,1.7897012722736956,-1.5110251943754731,0.1412632688325564,-0.2858119018263737,-2.313921312824776,0.24431296413666026,0.7514944997341242,-2.1201543024682112,0.06256698418903375,0.8997614015050226,-2.1614761584057045,0.40951150645095735,1.1094131609832079,-0.37982660253003997,0.3020303378142153,0.08358049816790537,-0.8671858601230975,0.8264836074764849,0.22919975296437067,-1.6183339819192855,1.8462910723795998,0.7012574430297095,-0.6441529181239525,2.057557167667429,1.4117591489005534
-0.8742181904598947,-0.5706166372471179,-0.39420832121842875,-1.0741556863940438,-0.6478532609258827,0.8152999563383477,-0.22369139154470935,-1.469668430120982,0.49483164945341956,0.16782641185532135,-0.7959180141734375,-0.0006186643643580976,-1.2980587784091138,-0.19445216789033762,0.5366297991402181,-1.8459312840821063,-0.4832830516807764,-0.2499919426849852,-0.0034317572634377483,0.4717853110261728,0.2925312646219467,-0.7258198520399782,-0.7830570041770364,1.7239426918084184,-1.5134480205056948,0.1347385453510913,-0.23538010730026782,-2.2908177610113576,0.21291581231625553,0.7562038386679053,-1.9846425546703348,0.03062893642140076,0.9210150222868874,-2.0093526034660383,0.36380327193409084,1.1868079985608868,-0.3967969761998066,0.3255518599746145,0.12060419062964295,-0.8890120488211365,0.8647648716695283,0.2634813643613968,-1.604146689548019,1.8687072878536228,0.7438585559882563,-0.5692115017667241,2.0564384765753,1.4182785075526825
-0.8743421212460779,-0.558392167292934,-0.3972145485061768,-1.070697176909881,-0.6386883146487188,0.7943692123496017,-0.22818007650064884,-1.4501930941746597,0.4719319804155435,0.1468606346208102,-0.7938176189270033,-0.002776429399434317,-1.2943195445360025,-0.19064275384458834,0.5253656031087844,-1.8306619637805404,-0.494731842833786,-0.2647340632285565,0.013039367524744935,0.4641179742565067,0.27960280131102255,-0.7099133570771385,-0.8150531044828246,1.71313454299353,-1.5022019576401322,0.13498234937705353,-0.2220487055958163,-2.2768109000085475,0.1955900834095326,0.7476793262093951,-1.9206834308094163,0.005664797102493717,0.9383507978289231,-1.9972612973222366,0.33187824007938743,1.2270742498874625,-0.40214296229013474,0.3352123117004919,0.14009535410432877,-0.8920337774750242,0.8772619128957582,0.28030221215542644,-1.623458114678323,1.887668544760832,0.7736444108154958,-0.5490752282657814,2.054604395330041,1.437024309939762
-0.9095360674910432,-0.5694924319013664,-0.42166539906435646,-1.0814155274387598,-0.6467907273397353,0.8031854790879045,-0.2233868097571009,-1.431854548156979,0.4480941406099126,0.13505015774386872,-0.7545030982101517,-0.021281632445989105,-1.3025414576341077,-0.2007818694591482,0.5711132085823868,-1.8272205556370362,-0.5143770296388568,-0.2663956201129212,0.05212268459108863,0.4405161512869264,0.2862712114618168,-0.6586402474832496,-0.8310698788121482,1.6710622567775275,-1.526502824546412,0.12601844266021708,-0.15902436020191116,-2.2745610490723474,0.16644314636333796,0.768234018725182,-1.8272159636405165,-0.02039644160979926,0.9679677138431038,-1.9031284329045945,0.2818978201972469,1.2923979404799815,-0.4380164931835832,0.3807487465581294,0.20638059918365592,-0.9263219660696014,0.940957035412893,0.3363070338338564,-1.6332812693683978,1.9446527363833501,0.827229195207571,-0.4869684632514688,2.068956728543336,1.4615146360284148
-0.9322110054916095,-0.5758231727318126,-0.43014504350657506,-1.0833655739791783,-0.6530990479352455,0.8134001237477146,-0.2182390756984013,-1.4144693681692608,0.4450350324439802,0.14211570894839753,-0.7309281369802222,-0.04117403028299735,-1.3133887155637323,-0.2125365350968458,0.5983878405144598,-1.8263366929325822,-0.5161197708994558,-0.2645198128663316,0.04858745292937692,0.42142519606027906,0.3135740636706948,-0.6329238459947385,-0.8246922626212152,1.6322790891906165,-1.5467685758351226,0.11693498630779793,-0.11292157553623991,-2.2716099576506132,0.1465294238353496,0.7842827105551256,-1.7676059979092336,-0.03576600019919354,0.9860033628970616,-1.823875139221274,0.2698347295985547,1.3100981167165493,-0.46293980405795865,0.4123407247689014,0.26253889738311437,-0.9492955411968685,0.9732114316679332,0.37675259732557304,-1.6346346973990795,1.9576344649061546,0.8514543045743902,-0.4572048489658043,2.060307894092226,1.4560733948332236
-0.9549251880953206,-0.5948882462764737,-0.4487582319134187,-1.0839103645775003,-0.6527954900442382,0.8190407481084218,-0.2105790860735125,-1.4051861138173656,0.4277405002231087,0.14422630547944817,-0.6756182174047896,-0.07229996506297026,-1.3248422568273945,-0.21819822246826542,0.6355433933487294,-1.8259077612499743,-0.53142188534298,-0.26261764462023196,0.06693573619701634,0.4054016898783072,0.32131213219776467,-0.5599733427609399,-0.8138889199344349,1.5429678668175708,-1.5678010431588048,0.1054044937323577,-0.03300998677159864,-2.2694048661215014,0.11962873817070657,0.794881033886635,-1.731015503645755,-0.04258075664809743,0.9996995362464788,-1.6761494559756451,0.23719393892842505,1.3489881443784297,-0.49595859826802274,0.46046589031985996,0.34077225523879184,-0.9864491201494772,1.0172596611980609,0.42007469211735887,-1.6517385422797337,1.9879630014732035,0.8830288964588782,-0.4005173014608588,2.036821880284091,1.4210605345600409
-0.9552563906949239,-0.5969866426522454,-0.4509427003621145,-1.080974417829172,-0.6593984784473516,0.8235894759961572,-0.2055370979643856,-1.4051309540249255,0.4291886592606746,0.13536173601984253,-0.6725180296201118,-0.06475404531847652,-1.322738463072709,-0.22521525987287427,0.6356684233947572,-1.821821804890893,-0.5274382796850225,-0.2613702445119354,0.07236571240331313,0.39132782770336233,0.32818234768516097,-0.5492980575369477,-0.8161398302620689,1.5267031462863287,-1.568742511405205,0.1032107540540871,-0.020593262550521834,-2.2684266522848553,0.11215377099435239,0.7985059584801396,-1.7065856689735521,-0.04715489613870812,1.0045691969677568,-1.6556830174785455,0.2280985312957242,1.3617788336250651,-0.5030039796532945,0.4671968255523303,0.36042678927121535,-0.9984141960281137,1.0334548363284208,0.4373771433539714,-1.6493725643979484,1.9995988970237502,0.8956737060369154,-0.3847962917295156,2.0450870563280668,1.4371493824779764
-0.9645469539346471,-0.618206885768578,-0.46657420546930295,-1.082545129684346,-0.6597354170249761,0.8173986438560203,-0.20199136706051452,-1.3980970459102289,0.4213199401158227,0.14916899987095855,-0.6468341580140152,-0.08778521368482857,-1.319936653207603,-0.23102412149351959,0.6626973793125154,-1.8197250331222632,-0.5437189168673309,-0.26854853870716233,0.0864185583550476,0.36747135407387244,0.35138399975462054,-0.514663170570839,-0.8092263079281925,1.4914344220234073,-1.5712683696054226,0.10102061951210323,0.015084776867295733,-2.2612406674554957,0.10108120207684972,0.8184331343317371,-1.6524027710151623,-0.06536551754654127,1.0241173293995554,-1.5901843289293325,0.22520866072582454,1.3745533534230208,-0.5293186679824602,0.49298658251888217,0.4116952019231147,-1.0093270756190094,1.060271978045502,0.4688989975396289,-1.6593722299428302,2.0242201339318826,0.9289363374880618,-0.35955236042121635,2.0383605078546263,1.4250521018024673
-0.9845929786419266,-0.6322125863417051,-0.471470198570716,-1.1136084421636074,-0.6760721431339022,0.8638052865740964,-0.19574850552032294,-1.4159233806949079,0.4288952972923824,0.1493263018728115,-0.6451501051730217,-0.08900792751755517,-1.334167832821181,-0.23717906496613744,0.6845955070769799,-1.8365437701423903,-0.5516669079819991,-0.25394038324798474,0.08631829774086798,0.3640356529246333,0.35905539575395595,-0.5027284866200162,-0.7913321215322873,1.4726878028707646,-1.5939233179214343,0.09443830435272982,0.04926992072930385,-2.260143768374701,0.10053355713764282,0.8311307656152567,-1.6584640663677883,-0.05354011818609898,1.0265677397548116,-1.5523709481180115,0.22390711672385047,1.367477150156864,-0.5562078764281463,0.5145792888229903,0.45121473921868716,-1.0093301990240133,1.0786511342883143,0.4823581491883351,-1.638300646504108,2.003832576546437,0.9061216914614784,-0.358532725967633,1.996602761544119,1.3740587571953453
-1.0154221622129227,-0.6752817655192926,-0.5207780571040325,-1.1252741643520112,-0.6737695028421872,0.8748356955189757,-0.19369408362909452,-1.433084523053884,0.43434550624315865,0.1491475356537883,-0.6519128567366866,-0.08715922642805352,-1.3495650164910007,-0.2539843614001297,0.7104397501134136,-1.8380750648295232,-0.5521074972073227,-0.25800685997548817,0.08939700491969114,0.3676342671932463,0.34848783554759,-0.5002696658864877,-0.8261205660130988,1.4796226165370998,-1.6382989971522983,0.08091980125777697,0.11620647129539163,-2.2780129953244135,0.08879680014793871,0.832115388926455,-1.6466055739864214,-0.05939612778137382,1.0176524975143624,-1.5438525004208365,0.21910648281457482,1.3607387618484004,-0.5708405056035772,0.5309148654185478,0.47923977484257724,-1.0155255604082631,1.0591908154459855,0.47145758770072693,-1.6413330611681238,1.9706345842877013,0.8733626968867351,-0.3737294885528415,1.9426496948319956,1.317303193477958
-1.000520955900337,-0.6570316384245208,-0.5050896328985255,-1.1074971789027934,-0.6696591080461021,0.8557517513131059,-0.19682241029609177,-1.4196815098739501,0.4220532335287444,0.1432182327959831,-0.6537336374708569,-0.07815569571453113,-1.3329523566913009,-0.26350203904876324,0.6923278727794555,-1.8229512983680691,-0.5505859095394373,-0.2609108829428341,0.10129123985740701,0.3661101355115707,0.34469883952412933,-0.5051400298239385,-0.8382218908547542,1.486742333750162,-1.6204857346496824,0.082400602205278,0.0939810988671169,-2.2559289450280193,0.0850727686965795,0.8184356306745291,-1.620048188435727,-0.07131414158175689,1.0152998293072,-1.557015305229808,0.20339753358720855,1.3856766281454114,-0.5690274896523483,0.5085508534848455,0.4512786914215836,-1.0208346791839913,1.0411907485776635,0.45784523624500506,-1.6466886791917374,1.9623157890619984,0.8683747493732868,-0.36750554703047117,1.9442483120456215,1.3231347415744419
-1.0042045112857314,-0.6674894156181057,-0.5064231133766599,-1.1093650500592351,-0.6760049893968721,0.864882404632866,-0.19639416395750325,-1.4167061659690874,0.42954210289733874,0.1402014691873596,-0.6521843409686393,-0.07877901463181122,-1.332192650775036,-0.2541058880563311,0.7047844884979138,-1.8180008605338234,-0.5494932794288975,-0.2507533261855447,0.09798929389336528,0.36325852764150923,0.3453855541048123,-0.49935659629013757,-0.8232924528023805,1.4792918907256953,-1.6288669534670501,0.08182124082433351,0.09967732733357415,-2.252512056187593,0.08775443254717501,0.8240085977331051,-1.62470670162166,-0.06588304210749305,1.014602345539645,-1.5330246182068203,0.2072445332823156,1.3822554185481308,-0.569865460797152,0.5169494323879565,0.4599619010654355,-1.0220371506716277,1.0504889973045806,0.46378317069537517,-1.6256069878403079,1.953289007912678,0.86603741835892,-0.3708610544217155,1.934997281198994,1.314295406506313
-1.0259239913464528,-0.7028130359111855,-0.5325837662700638,-1.1203347087123001,-0.6765598553224678,0.8860793882046125,-0.1899908440632874,-1.4319732668692104,0.45099950976440983,0.1445688987381224,-0.6538193976649103,-0.0872973544119771,-1.3429726983100123,-0.2716059770501211,0.7493569240929385,-1.8108094005082833,-0.5433004027582817,-0.229206354692328,0.07267460259268588,0.3417184647999558,0.36869095408261077,-0.4822748037554624,-0.8163169290347125,1.4369949487408809,-1.6322016267012034,0.07916526901298564,0.1386940306442251,-2.233079383976281,0.0940579491224646,0.8479503451513397,-1.6252443402734558,-0.05210678781978069,1.0102563596198055,-1.4751947813706208,0.20026320721585122,1.366893256941745,-0.5747260903248155,0.5222493604193665,0.4791448251317199,-0.9950293889833437,1.037766535517411,0.44841352884389934,-1.567108261818662,1.8929775698323998,0.8314134901115133,-0.3467796796574945,1.8642450328862492,1.2453829470326185
-1.0259239913464528,-0.7028130359111855,-0.5325837662700638,-1.1203347087123001,-0.6765598553224678,0.8860793882046125,-0.1899908440632874,-1.4319732668692104,0.45099950976440983,0.1445688987381224,-0.6538193976649103,-0.0872973544119771,-1.3429726983100123,-0.2716059770501211,0.7493569240929385,-1.8108094005082833,-0.5433004027582817,-0.229206354692328,0.07267460259268588,0.3417184647999558,0.36869095408261077,-0.4822748037554624,-0.8163169290347125,1.4369949487408809,-1.6322016267012034,0.07916526901298564,0.1386940306442251,-2.233079383976281,0.0940579491224646,0.8479503451513397,-1.6252443402734558,-0.05210678781978069,1.0102563596198055,-1.4751947813706208,0.20026320721585122,1.366893256941745,-0.5747260903248155,0.5222493604193665,0.4791448251317199,-0.9950293889833437,1.037766535517411,0.44841352884389934,-1.567108261818662,1.8929775698323998,0.8314134901115133,-0.3467796796574945,1.8642450328862492,1.2453829470326185
-1.046532315898549,-0.6954025285011166,-0.5257899305264639,-1.1297560389564292,-0.6742861985646121,0.8964989160337572,-0.189784644182003,-1.448913357334329,0.4613777967916047,0.15033401356166254,-0.6670477588315111,-0.08328209070329369,-1.3386767755235238,-0.26400716916626144,0.7610597965873821,-1.796326933529928,-0.5261277463821628,-0.19499640696048326,0.06893580465793003,0.3269321443870859,0.38212832032913135,-0.4633232457621337,-0.823018702686903,1.4223916489852328,-1.594941286279292,0.08794974071581003,0.16213547203350387,-2.1920417908741285,0.1099189082075853,0.854611356643971,-1.6046764591245664,-0.043331489949835766,1.0142030666385482,-1.3965396558868648,0.1754816827716398,1.3878122657629701,-0.5685222254046394,0.5391946193960347,0.5038059236168746,-0.9593124550544344,1.0320511917545032,0.44275110902168435,-1.4687704772429173,1.8365768884103035,0.8061443883773338,-0.31084124501038063,1.7969051664745608,1.1678259189273523
-1.0809398475848613,-0.6876524793280754,-0.541207620944193,-1.1523601439698352,-0.663866965865636,0.8997314616636786,-0.19247225210107155,-1.4491456321124203,0.4523413992112294,0.13515414235885578,-0.6626981165169217,-0.08532849289611097,-1.3392852384591123,-0.256514793393802,0.7661342465764642,-1.7770876432111824,-0.5105885753959678,-0.17523462622965139,0.05047494513209182,0.30841009513480006,0.39150632175004474,-0.45791757597266425,-0.8407046790828132,1.408641786551158,-1.5810150243555068,0.08976491973762928,0.18563030587876642,-2.157054319311769,0.12093854103117033,0.8722087445861267,-1.5666006506555143,-0.04054746302457429,1.0089925238548463,-1.3348041526755872,0.1455460997599639,1.3818961498213165,-0.5605440130333069,0.5464518843339966,0.5122061790516383,-0.9404950447868039,1.0153764699919838,0.428747329799446,-1.391144712566585,1.7660913903837896,0.7777795611645405,-0.28186318935896204,1.7146920568637634,1.0961212266672007
-1.0983610927534124,-0.6965373463475696,-0.560591208675625,-1.157590910276285,-0.655273313737388,0.9003031771636115,-0.1913592180941239,-1.4535136160154403,0.45515775969979844,0.13699181582755618,-0.6660330898351197,-0.08696755836090694,-1.332618627603495,-0.25961174819002014,0.7766268620278518,-1.7853426231615597,-0.510956586792525,-0.17911711023278123,0.04766679044373425,0.309506129324313,0.3924941935956997,-0.46102078048118267,-0.8584181648251527,1.4065954114409596,-1.574836076640017,0.09115451450561442,0.19399452603779513,-2.151085231672078,0.11501973929006784,0.8739818683479188,-1.5466947328411045,-0.04641982017520162,1.012361391006341,-1.314983028520374,0.13840426639290548,1.3849908071989425,-0.5708617290443596,0.5558518583382599,0.5341183847569642,-0.9227550714857358,1.0171503630600767,0.4237659129225536,-1.373533571129302,1.7547298834081073,0.7764723156238155,-0.2694432427763209,1.6937910505984044,1.0790273791592386
-1.1173513049714638,-0.6921151520366157,-0.5600988267560566,-1.1587756621286935,-0.6620535597547048,0.9016658150089049,-0.19152023558117187,-1.4390358440095048,0.44048760670607057,0.12801243645047358,-0.6580033359032242,-0.08980036345502727,-1.3296278431827129,-0.26614492512721954,0.8003836782881386,-1.7754674337199254,-0.5127656774333276,-0.1774063589614478,0.03854668084562113,0.29443829735118865,0.40240377470507327,-0.44836014757727527,-0.8482309820030642,1.3668839177613459,-1.574872231116127,0.08895887875144852,0.23021974189157773,-2.140666048819757,0.11317024077353942,0.8833206438266904,-1.5374180472046237,-0.04234309068129331,1.010109013699308,-1.2700632009363948,0.12894861924270384,1.3726867290254372,-0.5840722314998414,0.5792335653196384,0.5739910337804235,-0.9168485119524881,1.0319569073536885,0.43826010665072723,-1.348851795049648,1.7419300634643704,0.7716675280148693,-0.2570674410979507,1.6655082489342148,1.0551610248458674
-1.1204135032063733,-0.6986504729904822,-0.5569848220414496,-1.1535051503211426,-0.6569969543447314,0.9000678943904189,-0.1937356128566463,-1.438745210841993,0.4346290166547484,0.13534067366012623,-0.6425380133104056,-0.09917086420250958,-1.3348568811254509,-0.26730185446190263,0.8057056159014817,-1.769312065169017,-0.5073921989517339,-0.16313400239089407,0.046717239295967154,0.2885509257548995,0.39918190273575666,-0.44472056527443254,-0.8483742965557491,1.359495142735497,-1.5722806896730912,0.08605592160432293,0.2633894564788558,-2.1385495728823614,0.11174082320834447,0.8826685632036906,-1.5413496435870135,-0.03645489234028104,1.0046498581427006,-1.2514974696317664,0.13697282399875566,1.36563316116378,-0.58120998022338,0.5891799361449156,0.5875043650251393,-0.9048112344815219,1.023436284671467,0.43136142121645693,-1.3307606004481278,1.7204328152122461,0.7551906692116321,-0.2556326809257673,1.6352731272747472,1.024880367696656
-1.1115034381856246,-0.7158023326889053,-0.5586319705775425,-1.1426711881324043,-0.6532657783641213,0.905509358965192,-0.18707699523721383,-1.4170662767359097,0.4414630415660789,0.12529217180499258,-0.6242186164225421,-0.09590432041277146,-1.3233403434845743,-0.2734735890245754,0.8286583889437237,-1.7348143735251336,-0.4905321866008066,-0.12999751738624368,0.023735697239067016,0.26112104020713783,0.42059224286562297,-0.4234005472653978,-0.8266266497108766,1.3101967418126652,-1.5579274600860011,0.08571533095195927,0.3054931985042458,-2.093382284402315,0.10749101741347462,0.8812281331421545,-1.5164228710024135,-0.03078526288918377,0.9972593558585168,-1.1768151846735544,0.13083481168433228,1.3426347895820792,-0.5864486445221754,0.6030448268070046,0.6106965173969705,-0.8789900669379219,1.0184940361090935,0.4222189488468056,-1.2739101587855495,1.6710302477648906,0.7458225649207664,-0.24337753858761618,1.5789694030458612,0.9760621583753226
-1.11566312039489,-0.7170081789730147,-0.5588432399342413,-1.1331300961441801,-0.6500583169632802,0.9014731205638643,-0.18806545093429106,-1.4014978335309782,0.4284331559946246,0.13054352011843962,-0.610458488402202,-0.10126087667139805,-1.311824893197172,-0.27025433669404936,0.8349668469108458,-1.7165623502427023,-0.47714728692850283,-0.11196573537039115,0.009956979084422047,0.24749372169998018,0.42891021151128583,-0.4041766864767205,-0.8062975657997445,1.2629655954212953,-1.5377880401993123,0.08700264371999174,0.3395171882233373,-2.0682834233015175,0.11433958923595727,0.89294734987047,-1.5126814573881218,-0.02077841290995211,0.9892459577128223,-1.134775114812165,0.1349589290031949,1.3264328702340638,-0.5945971251758572,0.6110137892441712,0.6349035801064958,-0.8692788945552101,1.0101376438357528,0.42142791113924216,-1.249626705161655,1.6525325064591483,0.7345590781075557,-0.22738281295758378,1.552006366047642,0.9469048633922968
-1.1161432764614916,-0.6972726180923846,-0.5444150447159326,-1.140911815614179,-0.6487019856433496,0.895010882910039,-0.1909828242625168,-1.3832597549622743,0.4246680036952029,0.13425056011773662,-0.5950525486686441,-0.1066989981379738,-1.3000096575483726,-0.2676608342312837,0.8339411611669835,-1.7016790643305666,-0.4706457979072089,-0.10428606072921359,-0.022145488557276445,0.2336653466499699,0.4366380003178563,-0.3927115871161272,-0.7950433180317101,1.2322646531166814,-1.5289076872698977,0.0852278314698574,0.35355137003374154,-2.0463981800146853,0.1174044928086904,0.890585779201107,-1.4972788216378334,-0.014272572913795177,0.9878959841314532,-1.0951983596782677,0.13164869358604733,1.3106985393356347,-0.5798451828717339,0.6201153068920855,0.6391210472488957,-0.8657049283136607,1.0113784862115875,0.4260258463935237,-1.1916214434545254,1.6218953557607418,0.7239819820243968,-0.22088602840346216,1.522741637097851,0.914546894978831
-1.1312110497385655,-0.6929650613225407,-0.5503509492517831,-1.1434100732777879,-0.6404385229548775,0.8894439419595859,-0.19568683515076313,-1.371941557208559,0.4104567095711294,0.1256108058550163,-0.5799901660233739,-0.10215038993900606,-1.2947740300579962,-0.2617808970981633,0.8214278373869832,-1.6922145363447094,-0.46484866001995034,-0.1035217269860506,-0.022183569542146897,0.23097450107203457,0.43023455727684956,-0.39360639530174035,-0.7997690163605553,1.230249308237538,-1.5159386078231274,0.0869714491139679,0.35399744232175456,-2.026017851070757,0.1151471610225347,0.8754724299667016,-1.4914515065328953,-0.01324734631000591,0.9764961975700908,-1.0792803556411166,0.12294438307093848,1.3123501911960005,-0.5832067942105853,0.6100210532138399,0.6305561675001078,-0.8522392814004485,1.002768034069305,0.42232482389678755,-1.181050817789687,1.598725548315403,0.7125431000600051,-0.221008320831992,1.504883609287844,0.8998937481650013
-1.1312649217329127,-0.6822838133346331,-0.5399264170509545,-1.145759274487784,-0.6303810710262255,0.8852102666383843,-0.19750855037189283,-1.3686476324285823,0.41211766364759095,0.12228109845869539,-0.578256403935557,-0.09032442691383379,-1.2896611027976481,-0.2640965204182692,0.8252274466752018,-1.6793697711044533,-0.455976338601409,-0.09181237131669126,-0.024832324928493566,0.22966360288254825,0.42883269176681726,-0.3946407902628912,-0.7975836123160461,1.214616676921031,-1.5090118380833204,0.08792540822593904,0.364490241494821,-2.0255241059600646,0.10951270836739568,0.8698456770889905,-1.4861429148115424,-0.011719061158145378,0.9734928327381904,-1.0767431346484417,0.12615695593633425,1.2985300790841532,-0.574267245073015,0.6175511154591996,0.6309684084966929,-0.8396394984864886,0.9988342083355197,0.4114914349158145,-1.174065401425143,1.5914028083871297,0.702562747210929,-0.22291044636805937,1.4919533716920352,0.8947400130736443
-1.134737915361015,-0.6911595983769139,-0.5386973356949026,-1.150786752663503,-0.6299585320096048,0.8930122488303766,-0.19428651016647985,-1.367857642577996,0.4121514653977006,0.12136642444607236,-0.5733736419991526,-0.10562951338143771,-1.2867429069884777,-0.2660360508712556,0.8416777272222986,-1.6803975409518424,-0.45166033935288874,-0.08761190192091829,-0.040285440011133614,0.22273922306270716,0.4385012271081617,-0.3979894401571813,-0.7991771390103725,1.211360473010882,-1.5066914072208646,0.08870258402885482,0.3654465782284897,-2.007993088193221,0.1196247209223427,0.8743145379115754,-1.4943790758237485,-0.0018265598356193204,0.9556057248621791,-1.0621621121006823,0.1341056472212084,1.280251984769965,-0.5829748264286213,0.6172370632406635,0.6324487605885685,-0.8265415544448543,0.9811653995851838,0.3972561034688247,-1.145308807481278,1.5482271454486385,0.6799972021770507,-0.23429933808693346,1.4409220060208694,0.8499516716365357
-1.1443177075256268,-0.7010047002669484,-0.5418558345664137,-1.150869085130418,-0.6243004311721079,0.902610829927513,-0.19425774967729392,-1.3785671949933813,0.41599850111239484,0.12528963001711743,-0.5714507291442487,-0.10069401457340907,-1.2888300706168219,-0.2653517554875262,0.851073612786667,-1.6764937416809975,-0.45138998937252917,-0.08479073081430837,-0.0532720612274015,0.2189117617482613,0.434807705139517,-0.39337268641302026,-0.7965522012425003,1.203591868238039,-1.5070049187851053,0.08683538959041909,0.38284158799272877,-2.002375978676659,0.12435668887618832,0.8673495402077834,-1.4927806752267572,0.004441425047944866,0.9458132651778514,-1.048747485942267,0.13818166431928292,1.2568458169328742,-0.5810649923044696,0.611632862527958,0.6254786046247613,-0.8297295280048554,0.9646560271173414,0.3905444847482283,-1.1281648423614323,1.5156297417853295,0.6500645777697814,-0.23418716625794656,1.407937966447356,0.8161604079931001
-1.1408130564435448,-0.7157083345909819,-0.5260705456853534,-1.1447988305958376,-0.6203458047302788,0.9125771005517868,-0.18918252961524712,-1.3788774998093902,0.43209242233213824,0.12430076245646882,-0.5748108984047833,-0.0937349663001727,-1.283931007271042,-0.27138118265849187,0.8661238305077047,-1.6584441000424246,-0.42068520340801885,-0.04881638728705006,-0.07020140697441112,0.20554800097662015,0.44891958881570104,-0.38541321750238744,-0.7851418053322092,1.177966186869847,-1.5009955771854853,0.08685160826177263,0.3998642965794385,-1.9785093026687346,0.13900345256517516,0.8704941988089625,-1.5161106007659322,0.03037710688038852,0.9311151407731231,-1.0192384832199781,0.14279649373971587,1.225230196375238,-0.5733539725309287,0.6091369436370755,0.6173083973261474,-0.7981223768850587,0.9381280088573087,0.35777807355401675,-1.0645157556681455,1.4388674770336283,0.601196224387213,-0.24069857891576302,1.3196123981864862,0.7386338245964728
-1.1406310880186843,-0.7261489599843767,-0.5241601380960533,-1.143376957929766,-0.6180555259216078,0.9233959588111568,-0.1881384742006441,-1.3673414325264772,0.4358421320441072,0.12708538692662058,-0.5679919555934454,-0.10257715949097221,-1.2759648247275708,-0.2772812229453253,0.8897557707726498,-1.6393731164280032,-0.41671796861235294,-0.027929913036122418,-0.09722480084931358,0.19743861282223324,0.46885363162662086,-0.3763756041648789,-0.7735981245687067,1.1614592626570823,-1.4818901533278508,0.09091013165013358,0.4237847877743348,-1.9523129501457326,0.15302720295586308,0.8882329986563653,-1.526762437175789,0.04610173714101504,0.9234012288860655,-0.9820293701975136,0.14740964025123907,1.21231376294171,-0.563854116337546,0.6137452568153398,0.6198618687109995,-0.765000252106287,0.9327975352098341,0.3414117516900397,-1.0222454625404207,1.4087330260232203,0.5865246748355808,-0.232476828917138,1.2871375602399553,0.7070774995598266
-1.154594501272176,-0.7388439974276109,-0.520059710220464,-1.1488981293125367,-0.613590653590707,0.9426992085893826,-0.18456136325338054,-1.3643965411261116,0.46308103141341644,0.13180049206078084,-0.5575814610836413,-0.1036423263138964,-1.266624613129035,-0.28272372837627413,0.9207364800878954,-1.6246789754587811,-0.3879997907030414,0.007732637034298117,-0.12792113170376776,0.18540055080601017,0.48820315963346994,-0.35809032148394826,-0.7373483426816135,1.1057784773396335,-1.4640528962573836,0.09358230953865648,0.46397576361991033,-1.9370851535544624,0.1588016747805839,0.892040665726189,-1.5289858933677665,0.06857924988202818,0.9144963771409685,-0.9125554376304916,0.17537979754142224,1.1642051618435028,-0.5722186520599934,0.6231907660430673,0.6432879005047212,-0.7456275697934885,0.9147603773219989,0.33107334353379325,-0.9524065371159038,1.3469902521323442,0.546994973974371,-0.21918438880654736,1.2142591230395126,0.6394613101145139
-1.1488322790380174,-0.7396508839583872,-0.5197165938791948,-1.149201337923943,-0.6134116936565671,0.9460294189165382,-0.18795605420750153,-1.3576923478275587,0.46380507152944944,0.1244179535824032,-0.5578950214440704,-0.10643148176043239,-1.2598336624516095,-0.2806446324806789,0.9174510362389976,-1.6268275528193503,-0.3941922198269728,0.003759198110455164,-0.13815066645468882,0.18668634772123457,0.48749294882956895,-0.35568015355448374,-0.7403132010646656,1.1043134942013009,-1.4616438610671079,0.09183411110889118,0.474579700997031,-1.9330874196314005,0.16626513760055767,0.8912858907887417,-1.5330791132534,0.07747957048931588,0.9074673397589611,-0.9075256656531839,0.16934633035730123,1.165130960973676,-0.5701916493001973,0.6176245138814168,0.6341675115859711,-0.7508401579385992,0.9105712665196466,0.32502065435999683,-0.9478601364400954,1.3266530566234596,0.5428333652009779,-0.22051073577566593,1.1929749526837812,0.6160522078021761
-1.1625011142611916,-0.7275318815365531,-0.5254074735169519,-1.1533171639804556,-0.6091579617413022,0.9294090875960518,-0.18821792347680463,-1.3472447661709612,0.45294374181930114,0.1335862393997126,-0.5457137552109463,-0.11655016419030198,-1.2630974512690563,-0.2751205302152838,0.9058146533968501,-1.6199476276042055,-0.3820673417897366,0.009440295540017489,-0.1358610078719701,0.18747888794830764,0.48089942227244364,-0.3623444736004815,-0.7542082352163905,1.109021763083031,-1.4532310293924808,0.09498731959370052,0.45599802871737805,-1.9330005729626942,0.15936497085513698,0.8800122192945473,-1.5208506484769897,0.06895016526149583,0.9094006512516182,-0.9092620551043402,0.175194013943941,1.1661305322502393,-0.5655618358943831,0.617863279408372,0.6294835009894558,-0.7377877636303745,0.9036093862119984,0.3206077197536199,-0.9331463910133501,1.327100957607858,0.5373453071477776,-0.2159375267061706,1.189348354794438,0.6202193305624286
-1.1550728861293613,-0.7190811376960359,-0.5178300760091837,-1.1480275822597208,-0.5997885465148434,0.9124260072887814,-0.1908609648667138,-1.3366199974178203,0.43882453299397983,0.12483720866186786,-0.5391254900786838,-0.11067484490265307,-1.2526613041250323,-0.2728420285995935,0.8962713489564799,-1.6101179225972893,-0.3778615004428401,0.013627637648009262,-0.13003567820317702,0.1829847603310142,0.48038798676066774,-0.36135349936543026,-0.7451681583026006,1.1044575488588033,-1.450888471568091,0.09447043662657223,0.46231362555338473,-1.9249517984176197,0.16081191637728762,0.8810464423958002,-1.5140652885826638,0.06617133022745827,0.9089320164645693,-0.9007152827049026,0.15966040981958077,1.1760552364944314,-0.568807287860797,0.6205517389464369,0.6352492125563644,-0.7414467616729112,0.9038568322817225,0.3234289995383567,-0.9331346358147105,1.3288752750327752,0.5361029067979571,-0.21441790970925184,1.1920777100106243,0.624668926297613
-1.1526062090747722,-0.7163215190847219,-0.5150595742124322,-1.1425558975727406,-0.6029818887411884,0.9170641658851367,-0.18852586852205072,-1.3239539184747409,0.4354335856651662,0.12776189803858984,-0.5321667657159234,-0.10979947011711105,-1.247971177032425,-0.2747124304468975,0.9094878745731008,-1.6064950575629429,-0.38243746497577863,0.0071639355913643,-0.13129804119714444,0.17636978831330682,0.4766161832203878,-0.35659691242160046,-0.7468221330648481,1.0984835405777973,-1.4447702717535666,0.09331020887604635,0.4812894363703494,-1.9191552973308186,0.1578934836340645,0.8800490923784177,-1.5140550599904017,0.06928749522090065,0.9048529473616074,-0.8952891647347713,0.16853866134482046,1.1675794733394698,-0.5662468023255278,0.6319423685994997,0.6519268079626636,-0.7368982635805924,0.9156682414355182,0.3359468421954248,-0.9335196290322587,1.3275158840029806,0.5493333161934374,-0.21791047575072794,1.189479039410881,0.6288981739432463
-1.1592505316935433,-0.7206155374093045,-0.5164837673495325,-1.1443419798250452,-0.6031855401764551,0.9131442143535361,-0.18916217652620762,-1.304109946804725,0.4263629288941303,0.12428477737114428,-0.5117343571319825,-0.10880457946689898,-1.2582918847312818,-0.27512292394538584,0.913423793976484,-1.6149181914191315,-0.39117709268285017,-0.003280036302085028,-0.14073379525722995,0.17458309496665414,0.47813846139414035,-0.3506482374794894,-0.7302918413655068,1.0655910878291497,-1.4640456269459843,0.08522209705689451,0.5056239150698946,-1.9267113432670624,0.15770939030431483,0.8838544973554897,-1.5167161314689224,0.07087407497744874,0.9030539486468715,-0.8809671883334544,0.17461580128203535,1.1485891854243517,-0.5828932650446672,0.6309719121794848,0.6731630854965498,-0.7516455249171629,0.9090971767156699,0.3353838306793733,-0.9393756642708607,1.326494561125487,0.541193220646594,-0.2225802544371603,1.1838791567269982,0.6201272291360238
-1.1658562714646648,-0.7245891451262012,-0.5195771303472371,-1.1468802550180863,-0.6048189808269633,0.9145608671665207,-0.1877710317264326,-1.3150002356154706,0.4169651207730562,0.11707436033368276,-0.49831778607161786,-0.11391976916176591,-1.2527127411204881,-0.2776548593306865,0.9044758770399417,-1.6185422192848367,-0.38660243748745554,0.003171155563455228,-0.13645534850627647,0.17734870398552427,0.46927386134175064,-0.3505039204031719,-0.7320389537042412,1.0582306672882362,-1.4791322097602035,0.0817168156886476,0.5053985579199565,-1.932216743165408,0.14799735039921946,0.8690400457158594,-1.5310612634308056,0.07425986392408926,0.8860811371136653,-0.894122818032541,0.1808169381250457,1.1315489336314752,-0.5935148800102351,0.6291163880830032,0.6754626117999343,-0.7694037696293288,0.9027203650579362,0.32857923324161525,-0.9536142488181917,1.3121182888692848,0.5224349081110264,-0.235287346311985,1.1602444783964923,0.5959685107095383
-1.1550209543233356,-0.7079114327757039,-0.50957023593416,-1.1404050422575147,-0.5986312556403431,0.9021713050379809,-0.19288730850748065,-1.2973111938358972,0.41758424625431023,0.12413177729948381,-0.4929938904374198,-0.11947064746012105,-1.2523210690851023,-0.27813771393509135,0.8949983862305395,-1.6147535555862325,-0.3937486880881278,-0.009381353384158757,-0.14544483800141936,0.1848196468559781,0.4601789828030774,-0.3572856297488332,-0.7416209707571709,1.0598101744304416,-1.487057805747748,0.07882942538813308,0.48860188616115524,-1.9389643655170652,0.14262090557817883,0.8567199512470156,-1.53476056473937,0.07092960604572277,0.8798124609317985,-0.8989795961996191,0.18107906227298753,1.1281791172125484,-0.5980576249635805,0.6176952204846243,0.6584026933631574,-0.7704443578792384,0.8906335395217373,0.3141800301606863,-0.9595976271023937,1.296141975107998,0.5153218867803759,-0.2401230391441647,1.1511666300730674,0.5883503423740656
-1.1557837583280501,-0.7012095617905236,-0.5057602112612398,-1.1350935870310155,-0.5936376227746154,0.899587619167634,-0.19129765544196123,-1.2928790411404725,0.40449939794278017,0.12362659761379796,-0.4912616681640526,-0.11616830663022662,-1.2537828491610103,-0.2787888399832137,0.8897321492110831,-1.6162164128948509,-0.39414365963815023,-0.013294581329056296,-0.13339625358328192,0.18629273597949458,0.44973097223415515,-0.3617884962398291,-0.7502610288397475,1.064534651242803,-1.4907341324694439,0.07550517330937087,0.4930563000542457,-1.9370088488391786,0.13998840949051206,0.8493758150861628,-1.5346289809051317,0.06982106604511562,0.8774572599031817,-0.9142009499955764,0.1765433105717433,1.1312522875469302,-0.601546903311201,0.6147051988761606,0.6572740814541247,-0.763572695650624,0.8856123241827385,0.3116399058304667,-0.9618632315601422,1.2986843452031487,0.5118554280109959,-0.24022679795044302,1.1508027110890537,0.5906336412780314
-1.154980079535392,-0.7075837082089329,-0.5111907101386416,-1.1361656728197613,-0.6004805285842355,0.8997714016860813,-0.19594608064130908,-1.2898439797080241,0.40940697231333795,0.11733537570824826,-0.49318300627194234,-0.11599763347577853,-1.245301673099223,-0.2785501455895884,0.8899816589086911,-1.6146637974370073,-0.3900891574307099,-0.011359031910375225,-0.1350504851008469,0.1821034876859769,0.4525358806853476,-0.36522187633011266,-0.7519668756289726,1.0649986501126052,-1.4823132573930968,0.08058288344590901,0.4861637352056934,-1.939500839333579,0.14288821938521254,0.8508246127041138,-1.5278320537464962,0.0668583839049939,0.8787514622522563,-0.9155145393659699,0.17492658359335297,1.1386385694133918,-0.6011191736250701,0.6204408641074207,0.6609258789254235,-0.7636897972976279,0.8901794830246353,0.3175327023260127,-0.9657054348407473,1.2954701018707142,0.5191808172021256,-0.23872211196743306,1.1490176368636937,0.5922266540286667
-1.159109951969343,-0.7087839618998427,-0.5114026404445838,-1.1352349364550554,-0.5954215901931867,0.8982414211931967,-0.19588451669649376,-1.2920495012818356,0.4025472900938017,0.11889225978661402,-0.48283825294441984,-0.11651010051208645,-1.2519754714250517,-0.2818650339510542,0.891348458923599,-1.6166906734354975,-0.3901561888774645,-0.012187979427218242,-0.1350504851008469,0.1821034876859769,0.4525358806853476,-0.36079504095262943,-0.7391023315025499,1.0584975571253892,-1.4871538144620295,0.07867503947138572,0.49184341699353384,-1.937592569896962,0.1417862321573405,0.8424321077610275,-1.5290937394713662,0.06718850471790258,0.8757918470062139,-0.9144090476049992,0.17467578526241756,1.1320164510300996,-0.598468076410215,0.6191172733994845,0.6590504354733359,-0.7777137602888056,0.8880788793813855,0.3136233966248745,-0.9621206471723356,1.30041964712661,0.511605035350186,-0.24527835805826056,1.1468907000921702,0.5921431566042635
-1.1468593731219323,-0.6954883276528275,-0.4952732070562158,-1.1200117454068745,-0.5955921794446017,0.8956736937602889,-0.19400461516004833,-1.2706786934113714,0.40861869980733667,0.11931563011226358,-0.4759865483753041,-0.11974279939920757,-1.2381006675605835,-0.2737814070057596,0.8735047187761206,-1.6090600065460494,-0.3859014953251961,-0.007776687619048238,-0.14408412065987472,0.17793640845837402,0.448477488740393,-0.35836676549891655,-0.7354071434771475,1.0461583879925664,-1.4747983725841014,0.08106213101622964,0.48344523202199285,-1.9301651562709747,0.1446290374434051,0.8452924425443671,-1.5264121234956436,0.0705569928787053,0.8688246706921611,-0.9053590306223571,0.18332060183388174,1.1235585793358458,-0.5975873524399623,0.6178389454574245,0.6516454875463252,-0.7712433181694768,0.8830839003502688,0.3122493675468537,-0.9647129555712832,1.29210690129918,0.5176770085892454,-0.23693349519294354,1.1497039911141382,0.5886798484347187
-1.1222030769819176,-0.6899726155517062,-0.4731409680075717,-1.1104005798243783,-0.5943491885807389,0.887122540669402,-0.19128168367709072,-1.2584840594014324,0.40892826555583933,0.12273744419235473,-0.47236193531650006,-0.11121371696715428,-1.2328704088236178,-0.2773325856054811,0.8752816380903385,-1.600303193559828,-0.38230351698723597,-0.009567180143728655,-0.1512520421951232,0.17719004296950705,0.4505060666108413,-0.35527164480012147,-0.7173648198948656,1.0489497520231954,-1.4782800827056377,0.08080579910340725,0.4674581141880769,-1.925608297099522,0.14026959627247138,0.8432472658476066,-1.5303322506843977,0.07100600895610196,0.8652215681789098,-0.9148812382532024,0.18024752904818103,1.1254469767574506,-0.5928744114704189,0.5982112195338559,0.6268759178465778,-0.7752757372964983,0.8803099178366502,0.31005593066184123,-0.9645793415879603,1.2993276616785572,0.5116518330740836,-0.24051723298970362,1.154215569841306,0.6003281378648907
-1.1221889253760016,-0.7009270532389344,-0.4818697344419822,-1.107771415756819,-0.5927738454433633,0.884613490150088,-0.1915878987941007,-1.2662024577689865,0.41207586318447487,0.12186635948440884,-0.47071727838767946,-0.11601578612763527,-1.2327393685168617,-0.2801149175161152,0.8757076335962227,-1.6004921304304343,-0.3821948026962608,-0.008538504078114118,-0.1608669676635938,0.17667826438382378,0.4563451652587803,-0.3598202431481851,-0.7280630132396496,1.0550326131382806,-1.4886124942715664,0.07502403147910489,0.4841617351362439,-1.9278654007661888,0.13783405031140358,0.8314179950220838,-1.5452711531989294,0.07690678661379727,0.8631957560575474,-0.9165063591047004,0.18991394676755013,1.126795946009827,-0.5993573206759929,0.6035826088754903,0.6374432529765683,-0.7671157452813928,0.8736883879649411,0.3120141913646307,-0.9549316864823819,1.2810814789087241,0.5075575141924544,-0.24050707962005693,1.1453893776801276,0.5934955115026962
-1.1140649471540607,-0.7107630273179664,-0.48358459117774777,-1.1102425834274137,-0.5907245759113072,0.8909614531424652,-0.19173355926425262,-1.2564297706956105,0.4087783766052633,0.12649546770247125,-0.46369816490733956,-0.11575534483378037,-1.2325049184065224,-0.28418689773706607,0.8752674047049847,-1.5917183750163095,-0.38602436924321165,-0.007355859694896699,-0.15171489622926984,0.17900408935359718,0.44086577457926773,-0.35638227453688087,-0.7156118490227529,1.0433707319583874,-1.4980013946504953,0.07319069435018695,0.4773095573560793,-1.9289745597710508,0.14375170631376497,0.8319366032865787,-1.5341278284921784,0.07200043592429003,0.856330940533377,-0.9211056956897162,0.1936785589167366,1.1119133920722972,-0.593678652745545,0.5883142374987277,0.6144545333711612,-0.7706020473798847,0.8571727551659553,0.29200336540247085,-0.9508767704420124,1.2612213842118734,0.484370946717675,-0.25795485730653533,1.1338949080673701,0.5743026783255837
-1.1165500517933968,-0.7025836962846521,-0.47764803923488847,-1.1099058205777244,-0.5890581556765215,0.8900942106158038,-0.19423046125099616,-1.2514866396097137,0.41546731374889695,0.11982670001518296,-0.46731795634692025,-0.11305743939304932,-1.22260830876102,-0.280281246754988,0.8781740616371362,-1.5962525166677501,-0.38217268742742855,-0.00792857060689188,-0.15148617627453578,0.1781665839872226,0.4477201283538897,-0.36096340639360486,-0.7176242689061428,1.0396422778167091,-1.486776673805814,0.07694314783510528,0.47004326804033475,-1.9286010229504664,0.14383782843379567,0.8300460198286375,-1.5530845085967955,0.08130430751754925,0.8483667771449839,-0.9264332844682936,0.19980285886378224,1.1127977794784856,-0.5955348695150265,0.5867875958507958,0.6160334608014121,-0.7759713814157025,0.8590516315197947,0.2992028163810024,-0.9498897477980421,1.2578607839143523,0.4828827477070725,-0.2580543929652519,1.1305967973695803,0.5743165530378258
-1.118939242026404,-0.6937325643897866,-0.4748988062355152,-1.1107438083901817,-0.5823575861171479,0.8871475650929903,-0.19428402463709002,-1.2683204642123054,0.40461704383913927,0.11988669765279425,-0.4690370280322746,-0.11337173945873544,-1.2294353110799614,-0.2761826747539986,0.8730841004953244,-1.593469510519759,-0.38254182390940134,-0.01122317046195521,-0.15962717966783843,0.18152254559594996,0.4447132054648076,-0.3667680415017848,-0.7291941160302756,1.053034744784013,-1.4856143923486123,0.07828920965765032,0.4548463097877267,-1.9301980487733128,0.14849537018895204,0.825707588582561,-1.5461885733418534,0.07713351595034265,0.8481782323685285,-0.9379782848725627,0.19279135138400413,1.1038555956679874,-0.5822025540929553,0.5817654092038237,0.5977921504396192,-0.7732251207698491,0.8497305614474056,0.28806358214386607,-0.9454473809977262,1.2427395454927428,0.4762065381651285,-0.2565069185065684,1.1186319952251191,0.5674148723716698
-1.127234938627323,-0.6854643689068776,-0.4647158627255992,-1.1201266834621653,-0.5837175090900671,0.8934315167718867,-0.19592560008422505,-1.267586809998749,0.4128817629465299,0.12431420233655559,-0.46887946732774727,-0.11141773243498977,-1.2277033547370566,-0.26848812566074737,0.8623921504928436,-1.5993412088041103,-0.3803857531319654,-0.00964392496284324,-0.16110832139201048,0.18766032587442494,0.4371514904491548,-0.36693986699106523,-0.7252276412095059,1.0575732197152683,-1.4863192443263136,0.07908989080187258,0.4473702103074194,-1.9227858591766012,0.1470936987451482,0.8239112495219392,-1.5474397420431527,0.07912439476674296,0.842282954098813,-0.9344030756959291,0.1963794915949877,1.1051965974532478,-0.588054932922597,0.5801752857436233,0.5959412087008942,-0.7605265195051955,0.8443452451512478,0.28365596264311266,-0.9306968886251774,1.2459276578715217,0.4773689139991532,-0.258446833506211,1.1144828560388187,0.5721263453274125
-1.1253014118591556,-0.6858553424964532,-0.45977177199532404,-1.120441222476259,-0.5773022967498018,0.8848951913652809,-0.1946229997065712,-1.2716736556266686,0.42145572409329296,0.11978524904412506,-0.47246765001828217,-0.11250930587302838,-1.2311918796326622,-0.27136623112872904,0.8680384471845561,-1.5988576621748274,-0.37447735669644217,-0.008631464908961746,-0.16912636136713902,0.19007763745528533,0.4400131367998014,-0.36956924278734044,-0.7182352647694751,1.0634958531394092,-1.482501657976537,0.08129871150041122,0.44505716993193506,-1.9318027894156982,0.15894838153792987,0.8249582765644342,-1.574873990848718,0.09184716339788687,0.8421285474648813,-0.9430877193328884,0.20079325120498126,1.1039048836135785,-0.5928998461246295,0.5758031027326515,0.5904843077448994,-0.7570113708175192,0.8349728406808575,0.27023350138315205,-0.9449738134937002,1.2309629717171962,0.46183208051179697,-0.261427633576427,1.1078603365030413,0.5604256341954283
-1.1166791780466436,-0.7035592056700134,-0.4727485055005544,-1.1193100701073018,-0.578599907309749,0.8930446470687528,-0.192439294644743,-1.265308382780947,0.4356036974316603,0.1269787889345597,-0.4774448243052564,-0.11833489743648287,-1.2274511016496812,-0.2803871750207357,0.8716412834224079,-1.6034050384989036,-0.36688977030287934,0.008087135939570528,-0.1805374025617524,0.18631609996577456,0.44281434931325864,-0.37103702777423614,-0.7150840347218745,1.0752402634760985,-1.4943455812458397,0.07837213446480179,0.4425757784766838,-1.9257314494843167,0.15877965105611164,0.8287162709767252,-1.569383152836628,0.0904108293333424,0.8419364441259543,-0.93862059808568,0.20775226889997958,1.0899650411639232,-0.5936475686946813,0.5674571166252973,0.5728872985866882,-0.7594206790705913,0.8259928180653867,0.266498714363133,-0.9322364233065625,1.2195277580155581,0.44996087266023993,-0.26763218293291646,1.0982125515978587,0.5455594694711098
-1.105416351147229,-0.6957879066329035,-0.4565273282398057,-1.1095846535845626,-0.5818119385969958,0.8977655720234413,-0.19252656563586643,-1.2676936911841585,0.4313263228511466,0.12772754701376132,-0.4756521420538396,-0.11289584266593103,-1.2274288293608773,-0.27718532680317803,0.8668927910141044,-1.5937982755096924,-0.36504824262763536,0.008124958497562314,-0.17084672066942963,0.18707522281416816,0.4430370076145626,-0.36709515391999276,-0.7212065665361818,1.0608448205354772,-1.4926677697682673,0.08004054792014562,0.4338506866441632,-1.9244152740886327,0.15908891637771905,0.8220828283658089,-1.5788287862817691,0.09525784575779192,0.8361957372276597,-0.9419217627983061,0.20794490368203572,1.0879856430161299,-0.5922886651629156,0.5632467911565194,0.5697467212968086,-0.7502720432722444,0.8208335836808697,0.2571305616548521,-0.9280261059262324,1.2085239639601684,0.45181645210706683,-0.26940951630727494,1.0887528859707878,0.5423504298529277
-1.0994643120496814,-0.6957926424415053,-0.4473100295028929,-1.1115630114578867,-0.5818943802702377,0.8960568528180622,-0.19310624446782054,-1.2708743795188038,0.437302941461706,0.12505969362194694,-0.4774841572241232,-0.11599347848402167,-1.2260249585524217,-0.27352517440787627,0.8695957534154762,-1.5881155830606615,-0.36464639987690656,0.012586337569833905,-0.17279428566847496,0.18495259722879798,0.44021721532428726,-0.36849105782143926,-0.7134758241127669,1.06202930242541,-1.4805728560457505,0.08341211155083078,0.4276876308829921,-1.9179948946810106,0.1663467429831034,0.8264518893917562,-1.5555090303272499,0.08953990001077107,0.8348547515977499,-0.9336520852190491,0.2055386335711008,1.0922945497339183,-0.5829179990340186,0.5607142769776914,0.5665359550426831,-0.7430130365415702,0.8173486446138511,0.25999692577893596,-0.8991483556373445,1.1919363501982232,0.4404517386613148,-0.25962354068885324,1.086446659084083,0.5405387026849922
-1.1174305502430302,-0.6973745991448773,-0.4536019400025303,-1.1218607544136736,-0.5764949241322259,0.9004746209071349,-0.19054070763410394,-1.2683881420033718,0.43135355160016037,0.12833248684277476,-0.4739556634428017,-0.11704652946212817,-1.2246067529004456,-0.27296959668754767,0.8759607897276361,-1.5955904654266138,-0.3602952782504863,0.01645299265967074,-0.17860321067142768,0.18835982763528758,0.4436027380972975,-0.36581376106078495,-0.7225570002421067,1.0563569838445848,-1.4747165820568613,0.08600897272784647,0.43505731980326745,-1.9126414053759213,0.1644582398900594,0.8350502488917922,-1.5827919732037814,0.10227978726660537,0.8347344474699058,-0.9212419713334278,0.21043085182904542,1.0954809190229837,-0.590638445606585,0.5759106159112152,0.5882846083132414,-0.7424477618916595,0.815791574403549,0.259065238753452,-0.8993275273789041,1.1977916225605254,0.4476126884442658,-0.2561138451387637,1.0860422163488088,0.5340207693150387
-1.1389804669697,-0.697012110972604,-0.4622957223070996,-1.1243827156592456,-0.5781283216828287,0.9018601067853173,-0.19371384637997732,-1.2713065120532958,0.43415886609435905,0.11990569545327483,-0.47590464359239304,-0.11313459159208608,-1.2286083816148485,-0.26938278762489976,0.8859524068749356,-1.592494593319879,-0.35963215159856576,0.02319996061559358,-0.18279431815789504,0.18571023701221437,0.4545104625825347,-0.3680851034031043,-0.7235141976491564,1.0532320360331373,-1.4648824884614537,0.08974192223737595,0.4411727159502431,-1.9120082716059172,0.17465073395022795,0.8403887692341179,-1.5662190166228245,0.10166228190849477,0.8377232575494603,-0.9114793503339557,0.2057743884906543,1.090130965136467,-0.5809846082221523,0.5846418835926456,0.6002094673858601,-0.7249067824622,0.8238156818054431,0.2640301344484105,-0.8807750947025844,1.1913558488798983,0.43928155545837555,-0.24278331312578227,1.0537576944898006,0.5043973099107365
-1.1600548112292106,-0.6941328169282205,-0.4697856502287775,-1.1417313296826923,-0.5741773368002999,0.9108617359219565,-0.19455660489647292,-1.2817696554360172,0.42857001024700425,0.12010830215028352,-0.46904396640004675,-0.1148611163989588,-1.2379810807444496,-0.2627070116856248,0.8984367552360362,-1.5891800972602455,-0.346709852148403,0.03614001398091362,-0.18718753664618834,0.18378753114322127,0.45449028458520935,-0.3608437248057873,-0.723861812331282,1.0403577908636426,-1.4591803062140416,0.09213886224864119,0.45289678571883657,-1.902243157162385,0.17994373750230672,0.8549576028618767,-1.566823973563515,0.1121730877075001,0.8413798459261731,-0.886613473158262,0.1963676377115711,1.0907302295121781,-0.5841190548669427,0.6000902825942,0.6183967059149477,-0.7234062433390818,0.8313228760036163,0.27136010185309184,-0.8435307118512504,1.1668138630724978,0.440656414900947,-0.23320313213912944,1.0313433605093572,0.49441042495776977
-1.1641956653913184,-0.685089146027082,-0.456554944936456,-1.1392999546893092,-0.5662383076258104,0.8986866655772666,-0.19466844040215492,-1.2791149042119856,0.42073061207826923,0.11897345308820258,-0.4725416222184305,-0.11762757411076744,-1.2262163460101805,-0.25692823945382703,0.894838726564658,-1.5888049224777385,-0.34692619257515295,0.03407339399124301,-0.18853233266113925,0.17996242595958442,0.46228727183978136,-0.3585018921689061,-0.7248703345320965,1.0411802521873716,-1.4425382403945017,0.0960794246705504,0.4533351206454563,-1.8861563210508865,0.18169036366667457,0.8501411065514587,-1.5450678981268062,0.10603184023804194,0.8440609639618427,-0.8850939806228527,0.19438568399884112,1.0919656516397849,-0.5808841013771158,0.6030027202639126,0.6229455139112219,-0.7067648950345625,0.8317732029678829,0.26764929403130294,-0.8370485399798685,1.1664858520476031,0.4460176106756371,-0.2284312423410056,1.0282457887106895,0.49526473258337267
-1.1269686324682133,-0.6842962631315498,-0.4572239435135826,-1.122170080562126,-0.5700780509506294,0.8919394735954462,-0.19294017640393415,-1.2728666583031805,0.4278966152107008,0.134472316203775,-0.4806085380684944,-0.11578443116450883,-1.2113421770805026,-0.2601272327265982,0.8692177974365652,-1.5782990022862813,-0.35800181324808245,0.021681392551087034,-0.16821965166918743,0.17669711971044447,0.44846799614324406,-0.35979389290351194,-0.732377843413312,1.0593081693956456,-1.4263944191659685,0.09447370216208724,0.4355801434188865,-1.8821360612676068,0.17758993933213935,0.8421858006701569,-1.5174952539172057,0.08897110040289452,0.8461627699223389,-0.8938457696879423,0.18403104174047755,1.1091612859172446,-0.565213936180773,0.5797707157534965,0.5765512417719713,-0.7060543712175658,0.8165478625465595,0.2570120701399742,-0.8314244008509792,1.1683837920399316,0.43178612667449884,-0.22017187205387787,1.0424945802057877,0.5017747441791797
-1.1114423503869675,-0.6740574474960315,-0.44762497885225966,-1.1040334931245948,-0.5788349149170098,0.8894358146147421,-0.19202526768159955,-1.271937534254925,0.4246304888386897,0.13114165596160127,-0.4824195248657324,-0.11440039882913822,-1.2039140073449839,-0.2625990268153379,0.8580667122200607,-1.5776385180131864,-0.3645546694142785,0.014520022041291965,-0.16925127387946137,0.18065842132681842,0.44039543533530456,-0.3656671248363902,-0.7376860605726566,1.070767835974054,-1.4387997264645693,0.09379414404481583,0.41579763927969404,-1.8855962271868356,0.16907571432131283,0.8325685477681524,-1.5005063209600915,0.07463579095524343,0.8505042109412296,-0.9056885570788006,0.16453667819235965,1.1316063571263002,-0.567192904301243,0.5726199303016641,0.570048562924427,-0.7043157544810809,0.8149119151221447,0.25261927191867806,-0.8413274023148148,1.1714009293931082,0.4389938776844614,-0.22057698728289335,1.0500971344005035,0.5165082687966526
-1.1045026221342364,-0.6680098047055381,-0.4424868467474105,-1.1110666860434806,-0.5759416473095239,0.8786272452515265,-0.19957502429991839,-1.2638504327161875,0.42668960285293916,0.12435417040990863,-0.48260726647980967,-0.11097778317659723,-1.2032875875555082,-0.2624951380081033,0.8430991839372486,-1.5845832943582034,-0.36545141620470106,0.005139594930451562,-0.14924165123429825,0.17878697145263486,0.4370494397056869,-0.36907497708953874,-0.7459486741434995,1.079554635976405,-1.4314918580496314,0.09551363166499689,0.41221206228735324,-1.8860169427949385,0.16317890577434782,0.8309470762190384,-1.4951298227796792,0.07061468523074187,0.8491109637373501,-0.90889165746665,0.16306941757215368,1.1394739729410368,-0.5543059337957301,0.5618832125595961,0.5464570025757963,-0.7089294014086731,0.8151961589481455,0.25101886941615487,-0.8418541916415366,1.1770730340275062,0.44816457359622747,-0.21735039418379415,1.0546627730888134,0.5201785165060512
-1.1113322704211195,-0.6621009046423699,-0.4438249341358369,-1.103026984925334,-0.5731653264724248,0.8664372020556329,-0.1940195595925912,-1.2611600210660892,0.41747256234665975,0.13071617822166506,-0.4807933274448646,-0.12217842545462793,-1.205171377749767,-0.25955842481310887,0.8437047411532088,-1.5786254140026148,-0.3614939520605824,0.006545927876458371,-0.15536790495708996,0.18385855428581696,0.42361559678796556,-0.3676872908955668,-0.7491588912782846,1.0702580108147954,-1.4310810785356065,0.09458380044818722,0.4076188814499131,-1.8815101676224089,0.1603401575111419,0.8278516861543113,-1.4846579304192649,0.06691807623766206,0.8566342348600805,-0.9057962757652744,0.16102007295531118,1.1421376331513091,-0.5641329703748035,0.5698912631679777,0.5666427143382649,-0.7129557915170119,0.8200221932643866,0.2607240134897039,-0.8552078424249585,1.182795244823404,0.46791385927629453,-0.22065679714900668,1.063240219639305,0.5271360696815097
-1.1170615746814374,-0.6613709374013018,-0.4428500167116837,-1.0998914033934482,-0.5644542243027795,0.8694316092142599,-0.19570426257836396,-1.2549126672070474,0.4074629549518545,0.12932353128075413,-0.47903287698963354,-0.11289888470567654,-1.205377317781797,-0.2569407860717037,0.8454779754837025,-1.575448634494839,-0.3571663893971408,0.011267311493689666,-0.14853205056884314,0.17542891097378355,0.4332057694564552,-0.364118741016844,-0.7448464164562147,1.0569042119108154,-1.4258127934471718,0.09541985075694175,0.41715434655296435,-1.870269264045974,0.16908253988203276,0.8326516533073853,-1.4885135709882953,0.070221261708987,0.8515734652593308,-0.9077990327452908,0.16856038866833525,1.1343518983691299,-0.5558303924923782,0.5772287981409914,0.5732633803318504,-0.7102423862026557,0.8198507882745555,0.26035607490707907,-0.836726344074399,1.1856733926038154,0.464156597347566,-0.21240076935743962,1.070092874685543,0.5286860506025702
-1.1234647522502392,-0.6641222187975527,-0.45115046515786705,-1.1098816289191382,-0.5728916191816844,0.8713228187250556,-0.19572542426315,-1.2427604570360387,0.4084544405881564,0.12936048856394125,-0.46540443033529527,-0.12436411985536756,-1.2075861679301,-0.262827860112549,0.8643875778463713,-1.5679376509538108,-0.35414643337213886,0.02257194864438792,-0.16982253907583697,0.17323514878574106,0.4361870651520284,-0.36183608469354406,-0.7305299560711417,1.0382585430292932,-1.432306648935569,0.09259274050426311,0.4466448551808686,-1.8806595096823977,0.1632390599847021,0.8297194520882097,-1.4961757357942267,0.08034287908055629,0.8467629291813112,-0.8987122819125398,0.1657131513567018,1.1227934408037168,-0.5765939430165833,0.5848172568113678,0.5979953371304518,-0.7155214829203638,0.8262605802543427,0.2655326487006417,-0.8408028864749264,1.1796112735120272,0.45284938236254235,-0.21896816302348376,1.0441646880161464,0.5130714764101342
-1.1242394053351226,-0.6574161119789437,-0.4474311834642067,-1.1085651330996367,-0.5680552776191456,0.8653846204845533,-0.19633341605272547,-1.2453546518005905,0.3984517617354898,0.1248589029002716,-0.46546261634973196,-0.11524455238217843,-1.2050457982544294,-0.2623952576918043,0.844099387736086,-1.585847356764611,-0.36594665741009114,0.00021486804598451047,-0.16426912786865308,0.18000108311491095,0.4256171372714267,-0.3650658602715832,-0.7492402623079084,1.0495421299379033,-1.4570149509233197,0.08687348990502533,0.42717235905509554,-1.8900451905405855,0.16342900492097778,0.8255330815832251,-1.4962907534290484,0.06992925580461319,0.8429059514783424,-0.9175859300141912,0.16688890055733394,1.1165561981411454,-0.5761416501116561,0.5722218950754064,0.5776726705356154,-0.7106713648929337,0.8168329470559783,0.25541557948098426,-0.8562518318187977,1.1738858004276638,0.44607947138731313,-0.23398000961401746,1.040655958620053,0.5193940315560656
-1.1166098900317325,-0.6477148345520269,-0.4338640901967111,-1.1013537633898498,-0.5648185480435127,0.8621342708758309,-0.1996776288341444,-1.2432869409889817,0.3990184962944773,0.126394170081972,-0.4671289312788259,-0.1149127937859602,-1.2013045960152182,-0.2635795596813102,0.8379565681929518,-1.5802662381969135,-0.3741206836362866,-0.003399438810038473,-0.16231263294556877,0.18206371775509403,0.4264080898144832,-0.37092513811846634,-0.7502180682742801,1.0555193920666337,-1.4551866668105238,0.08584220033756958,0.4290209923784202,-1.894731450742567,0.153478287209652,0.8148279098230831,-1.4976083296685923,0.06860874202866578,0.8428804773118612,-0.9183168736913108,0.1632243855907576,1.1199875890932807,-0.5847091937544475,0.5719264757980299,0.5796870445361609,-0.7224145403424397,0.8114962822799742,0.2547210039627993,-0.8575022053941191,1.173041632013529,0.44111378260588363,-0.2337396807174704,1.0399699896128682,0.5131150471442261
-1.1085482785613245,-0.6575500465074431,-0.4370662914056722,-1.1016390919289243,-0.5702272360274943,0.8569030884739296,-0.1960881801434694,-1.2350817171447048,0.3887105670937038,0.11887751654566522,-0.4570773927519742,-0.1177760767829112,-1.2082453697749655,-0.2692705005073468,0.847095784415352,-1.5769207763586066,-0.37972942374919605,-0.01988106269021531,-0.15511492889803852,0.1825739341497329,0.41723723273327895,-0.3685551015580169,-0.7488549824824166,1.0497352371095925,-1.4664677888997573,0.08321461510233441,0.43187110539486223,-1.9007409479882174,0.15791165742387714,0.815677432896312,-1.4974474785003884,0.06630024658864574,0.8390485166759591,-0.924259831296155,0.17138950881375742,1.1249420983403051,-0.587219137701014,0.5773470426795758,0.5946351773495941,-0.7219160488849073,0.8144922721273732,0.2519080346812238,-0.8730053267686233,1.1830005700711779,0.4560646821702931,-0.23212561648686322,1.0459609652606097,0.5174473444606765
-1.1085903280082074,-0.6578788904071365,-0.43542163191041283,-1.098249010081334,-0.5734623729475472,0.8609448140433208,-0.19628910529251084,-1.235383256466937,0.39257475502953654,0.12178773728827552,-0.462128160896064,-0.11591797354410653,-1.2152305343623626,-0.2687315305439298,0.8500123340638542,-1.5843233780142383,-0.37670661101123093,-0.010071945439896939,-0.16230252229020703,0.18192978211049157,0.4223319242545504,-0.3629058625146603,-0.7396576424719894,1.0452847693729475,-1.4635574857043852,0.08605314195749629,0.42763681029013967,-1.9060120677539398,0.1605717413057746,0.8225747645392077,-1.5070232801891978,0.07281077832726698,0.843318880044587,-0.9134040816076874,0.17608262821420465,1.1156062388425254,-0.5889857014777948,0.5758474829175141,0.5950599339805973,-0.7250210273253196,0.8146900389906955,0.25342935507238157,-0.8754033773111677,1.1854178940561044,0.45356650499680695,-0.24006473178428686,1.0491522787284495,0.5145526462463684
-1.122972957492788,-0.6721491963584835,-0.4615260213958742,-1.0919049674687842,-0.5734492201467927,0.86163313687415,-0.19119538339151645,-1.2266637526536903,0.40068864007940386,0.12042456256253234,-0.43983359378641124,-0.11836372364565029,-1.2138930087359872,-0.26838746015437925,0.8585581336718655,-1.58246967393633,-0.37161819682378916,0.0018734772993378723,-0.16895084695656742,0.17926536391353196,0.4299362792192082,-0.3582635534180603,-0.7155147767239958,1.014949588241477,-1.4727439619277998,0.0809318069866359,0.45394942235139346,-1.903198046857801,0.1573393993668509,0.8280039531465743,-1.5175546967388456,0.07927704855958802,0.8352061498267099,-0.9062193451214888,0.1788518817496393,1.0951293403133315,-0.6007050772268395,0.5894586938206416,0.618486827235653,-0.7300941859765224,0.8226076787844953,0.257234479911777,-0.8684457623172991,1.1834234499776375,0.4582019158078128,-0.23369037907606607,1.0475673761699629,0.5169637398426188
-1.1247434425780078,-0.6823954451694784,-0.46371128631742775,-1.0977633257707133,-0.5762589478590088,0.8733065921416306,-0.1927219806003213,-1.2181561744219398,0.3962262616198011,0.11784303739036005,-0.439853742752087,-0.11162701477278299,-1.2124141442739047,-0.26923922601330175,0.8651366438880339,-1.5701595151104792,-0.35901001733166626,0.01271308558459118,-0.1679068307097568,0.17520261695029155,0.43495622332531264,-0.3511759778060314,-0.7119120657266165,1.006610363722593,-1.4625051798615538,0.08382458083684692,0.45446940183692913,-1.8953751050802716,0.16182624184724273,0.8278282865693612,-1.5228467771151695,0.08486911986095332,0.8345541190289364,-0.8979817224394325,0.19316608833059049,1.0820596323809573,-0.5975770248455597,0.5796094364698324,0.611528934619629,-0.7243667108685233,0.8192118009059897,0.256988110155799,-0.8647901156329352,1.1754752089055054,0.4485091853237137,-0.2412864934559253,1.0355766290397719,0.495489634337256
-1.1070923160873838,-0.6718853456919919,-0.43929530175366327,-1.092400659084662,-0.5713223662115728,0.8697048850984094,-0.19214683587203393,-1.2178490927181933,0.40065538854751714,0.1260155757089366,-0.44143557523043525,-0.12407221798014996,-1.1965096776945237,-0.27152688980854367,0.8552467658379662,-1.5720855106244875,-0.36775270326110426,0.002830780664159086,-0.16763286940440972,0.1740712035934952,0.4326435001611016,-0.35815784716709687,-0.7195570198476652,1.0128684725380244,-1.462965436912999,0.08353598165769323,0.4468514357164295,-1.8870303603285985,0.16218690763852395,0.8201873832682267,-1.516009519122497,0.08484168173805218,0.8334926977405253,-0.9007759808361776,0.18201639728321028,1.0850940814468646,-0.5839802613022353,0.5802630636199709,0.5982449924669864,-0.7227184888743174,0.8114960666931242,0.24810427164225562,-0.8564886400643196,1.162151222214911,0.4338158588357445,-0.23339123589950614,1.0322058357150083,0.4995465046380163
-1.108675285093221,-0.6807866282576396,-0.4478729653130943,-1.0885752186461035,-0.5729434349795915,0.8717635498122759,-0.18703125587526032,-1.2188866666492155,0.4120689684514296,0.12524920497776446,-0.4448549239074894,-0.11878732986897998,-1.204918347590224,-0.276319747436164,0.8578145110503599,-1.5665068026121514,-0.361127920830107,0.011314745716941686,-0.17690569180245194,0.1727631372427944,0.44430770134301023,-0.34898080242768853,-0.7026565577419316,1.007656857615503,-1.4581199630674937,0.08402782627867139,0.4486482470828872,-1.8934182294813195,0.16653416707420213,0.8229422766011243,-1.5094072012550095,0.0828808889170494,0.8380156128548907,-0.8920752457933551,0.19102275074364258,1.0895481513534027,-0.5874082244938106,0.5788254000751388,0.5919217673261753,-0.7213663659369889,0.8129379157627955,0.2509906461214286,-0.8466018308838131,1.1672856224874404,0.44247783010447483,-0.23664017158601586,1.0380075465210548,0.5030941898108872
-1.096328353667368,-0.678053049636657,-0.4303877224628214,-1.083222932336018,-0.5680077826939506,0.8681802312604354,-0.1885125928067294,-1.22481358014263,0.4106789894715585,0.12229884420633247,-0.4449548122107793,-0.12014000917309679,-1.2089518527977932,-0.2743215825442502,0.8702406137058731,-1.5736066699543438,-0.36688702826320096,0.01106953831367094,-0.16904025240088047,0.17027671023655508,0.44249151521824354,-0.3501551006921548,-0.7053499880325819,1.0100879303268346,-1.4632587830379176,0.08606729617791357,0.44067875796546874,-1.8926197022968962,0.1690221447511432,0.8335820321488284,-1.5160294461263282,0.08705951726548485,0.8382207300621627,-0.8921870352293777,0.192962986545069,1.0907077838161472,-0.5958182272700498,0.584176855803164,0.6000920839687902,-0.7131133681666454,0.8109050490129329,0.2501687424974892,-0.850708233753602,1.1634381376876437,0.44091423475179725,-0.23311163593901377,1.0346250363801996,0.4943347283698239
-1.1063503792072198,-0.6901268366445629,-0.4481501789551445,-1.0977147334057005,-0.5725785707780195,0.8782782541970564,-0.1845878138772406,-1.2238024850598594,0.40537280844213813,0.12535182451857757,-0.4414184372719252,-0.11961624629543621,-1.2056902678518813,-0.2720443857637188,0.8710833172823111,-1.5656242199602861,-0.3579643974676948,0.02333397072000898,-0.17633716684457051,0.17061969392984114,0.4427294814682275,-0.3477612516622933,-0.7019743714660369,1.004165059835952,-1.4666813043437978,0.0839243266516169,0.4537615899053139,-1.9023660051571623,0.16757728382567,0.8323692398811112,-1.5292712656520393,0.09320239493658397,0.8339073198517566,-0.8903178852147321,0.19829664561500226,1.0808867314198916,-0.6007441537594546,0.5838459556673589,0.6101643332274854,-0.7186634091313879,0.8127686605295357,0.2506334919870269,-0.8494527045668616,1.1660489695980505,0.4445829956476142,-0.2347256700171903,1.0286344437871802,0.4900108684539711
-1.0990201034877318,-0.681939466540896,-0.4404006813072771,-1.0872795155733632,-0.5780370421537436,0.8726942777432068,-0.18894701791382554,-1.2201175850085253,0.4026497164341031,0.12672380891516422,-0.4448048659236669,-0.11811110393203653,-1.2038792538975218,-0.2704241135122609,0.8666375096708446,-1.5676419749488444,-0.3580247077463215,0.02254348376667098,-0.1879119614878988,0.1692165973612648,0.4459590197580667,-0.345464340846206,-0.7009791047904116,1.0060433416435235,-1.4596049352267777,0.08812578455190269,0.44280181943834196,-1.8941779426162688,0.1663556710361518,0.8267390069675641,-1.5278475030485221,0.09332581163059313,0.8324581533581461,-0.8934382106196224,0.19297005504255416,1.0873584428090532,-0.6009727053418126,0.5837802325025048,0.6135324660804472,-0.7198628921115663,0.812853127191534,0.25411986747987897,-0.8571674715629537,1.165518322416347,0.4342541593279535,-0.23159686019219758,1.0328440987397924,0.4959731870708749
-1.0957523486480825,-0.674448293950689,-0.4352573852223133,-1.0751273196697213,-0.5678013038211723,0.872826797677849,-0.18611359254338183,-1.2180750146214452,0.4100583711566797,0.13114514099628846,-0.4361444305625314,-0.12696532120363913,-1.1988146053188136,-0.27128540534089707,0.8690464353471193,-1.562461443219673,-0.35609812332945046,0.022981432909082184,-0.1909363933984838,0.17137995357436575,0.4452531173619883,-0.34919757459887374,-0.6968338776859119,1.0158989904838793,-1.4599255712099237,0.08658733796912402,0.438285857684358,-1.8916433090449882,0.16770228350497918,0.8299085734328576,-1.5237216223845171,0.09323579853174088,0.8325270607662794,-0.8932984796647564,0.1986867184726263,1.087982436553188,-0.5884724473550466,0.5815899725071902,0.5965938448148471,-0.7255689575941595,0.8101370970721811,0.24208037379586972,-0.8452628700936372,1.1623325852826434,0.44030219330558024,-0.23184959943847178,1.036468657585062,0.5044833388547563
-1.1046718982829828,-0.6916738233820731,-0.4506327137352216,-1.0883069475056562,-0.5675397244874515,0.8770070971154247,-0.1870618899053742,-1.2093936205275941,0.4112935027892628,0.12812270825902256,-0.4361555158977723,-0.11725803810987223,-1.2005523561109581,-0.2695473158786767,0.8676844681316401,-1.5704261696893256,-0.3601079969013825,0.020826835752297136,-0.19337857236983425,0.1715481684691027,0.4470349307866083,-0.34791319781163116,-0.6917726002533675,1.0056996272095649,-1.4659904309759728,0.08603488447958928,0.44633334878899433,-1.8974123869625872,0.16909360585467728,0.8319683554625648,-1.5383877272174427,0.09824348645975095,0.8264138226214142,-0.8930880630422686,0.20028871002071236,1.0762894876866185,-0.5960061222190368,0.5825882394809767,0.6084082450707867,-0.7272315202931716,0.8178574015854838,0.2509785262935556,-0.8466230342231637,1.1637591009080173,0.4450666771933501,-0.233247594610292,1.0356601619280434,0.49832218168163234
-1.1039704612729346,-0.6878844268429409,-0.44309774523282,-1.086665299008091,-0.5691267993110909,0.8795783589340581,-0.1825804291263827,-1.2155205613348419,0.41931234956987407,0.12461411365193469,-0.43279909177568976,-0.11500202088014623,-1.2004837018249719,-0.2741109205961122,0.8715282536131408,-1.5655347038609269,-0.3518478726990555,0.02634412525497283,-0.19125464863560018,0.17248217529959745,0.44757929302540567,-0.34768191600717735,-0.6933106848387001,0.9932447968855357,-1.466124309360353,0.08727764942525262,0.443212445135147,-1.8901982747735189,0.16919231777084492,0.8300072718451099,-1.5352999664244573,0.10209645998241192,0.827973567658404,-0.8920185168662347,0.21155584560839735,1.072799757976313,-0.5951135818936224,0.5853732982964072,0.6153691473921773,-0.7246160761308877,0.8085533885169062,0.23999774194753054,-0.8411884102415597,1.1608901474808866,0.4457492794484962,-0.23490772369645596,1.0220761510707899,0.49017068002640735
-1.1243029460412497,-0.6926369759626098,-0.43625226825505437,-1.1070612057903826,-0.5665232784705295,0.8955480814493713,-0.1831449933317652,-1.2158311783810285,0.4148877920367778,0.1214176234212324,-0.41911799749746714,-0.11523809984243012,-1.2069984561590723,-0.2755034838134364,0.906720399557172,-1.575085837922988,-0.3463056389000452,0.04159286213827234,-0.21197788849219085,0.16999282530039542,0.4665350885599381,-0.3332461850883212,-0.6715302209000188,0.9654729410492072,-1.4639965962569597,0.08870045547148793,0.4659229482174936,-1.8884513837294927,0.18080682741578433,0.8372726129823345,-1.562976230645477,0.12601245302835604,0.82599027450565,-0.8601293735005492,0.22935547512483867,1.0378522471686258,-0.6110182229112506,0.6085451247247544,0.6605949519192476,-0.7205594329616459,0.8159329023831731,0.25479013948195345,-0.8307314033078197,1.1464325088737226,0.4222601326040042,-0.22912374398028326,0.9864945553601232,0.44606457526345555
-1.142365714587341,-0.7061544042577843,-0.4466200449959973,-1.1179352824128732,-0.5725951293609483,0.9099365916915696,-0.1822905134598963,-1.2272388892697412,0.4228286538488624,0.12333399009585683,-0.419080847670443,-0.11749501095791509,-1.2074460776994138,-0.27824503845787096,0.920932451095394,-1.5808837282298909,-0.3392115514083904,0.05345657574026308,-0.20459594044323992,0.1619246514780152,0.4769121029111499,-0.33321939125010613,-0.6755604612266937,0.9645176030546228,-1.4583079110086796,0.08820815448094838,0.4925085032655718,-1.8905736066491485,0.19075938752534763,0.8480290108903252,-1.565401699854561,0.1278995701646019,0.8215444923794468,-0.8470084609880292,0.23023227693156828,1.0350736728170047,-0.6192424565889527,0.6180329206160831,0.6790642247810803,-0.7155604598927576,0.8125712185485088,0.24911387325801607,-0.7994058706131865,1.13035051563338,0.4190987247900835,-0.23106330374368703,0.9689885997686586,0.4427522233442335
-1.1522399115528008,-0.7174847599570836,-0.45608186625245983,-1.1309101037861247,-0.5687130184692756,0.9178973020836037,-0.17989277444750115,-1.234770317800749,0.42403188858332236,0.1219056249085165,-0.4139609125027391,-0.1186850383665369,-1.2044916112481086,-0.2830219971070308,0.9376553532721221,-1.5763545828165124,-0.33817969705977624,0.06403093740658039,-0.20439058048117006,0.16862797203132604,0.4670109004060624,-0.3296302938222376,-0.6738143424304374,0.9604103778277858,-1.4580245289219629,0.08813561760945465,0.5064903736287144,-1.9007275578636127,0.1930489575095402,0.8621429043029744,-1.5695073075954635,0.1299256697229384,0.8288846440811808,-0.8494132082228076,0.23407616468542472,1.028821711175364,-0.6075527113067047,0.6171340101524061,0.6711573306016559,-0.7078332856935295,0.819682362189531,0.25337760268464665,-0.7972258366309551,1.1256635279229013,0.4128941346409345,-0.22598056525327093,0.9608495111194186,0.4334849595942806
-1.1688217599971011,-0.7114910399556283,-0.46022346345528753,-1.139119365779218,-0.5751037803220564,0.9262572110779039,-0.18305897715718084,-1.234811539434184,0.4164519416126658,0.11977997716651467,-0.42088355830633184,-0.11478887254022808,-1.2200502999648046,-0.28304926630456206,0.9446155185744791,-1.5899996752279935,-0.3474894011406811,0.04732727686799836,-0.19170547045714448,0.16608018492520396,0.4707817213753496,-0.3284772112776023,-0.6834751916494541,0.9614651520393958,-1.4514913239245197,0.09279395574237499,0.5063673288065221,-1.9039468388479708,0.19423078809037173,0.8684606036442708,-1.5764839829423207,0.13133893864299095,0.8296704375003203,-0.8351934119882101,0.2368783869401504,1.0306706864095667,-0.6185883919320485,0.6279004425602761,0.6937875169609877,-0.7007324660703151,0.8268116113959102,0.2521263482279958,-0.799532417485879,1.1355422275234346,0.41619642274846286,-0.2177533305165122,0.9584409653594167,0.43065884723043685
-1.19021688990693,-0.7002169913920379,-0.4585103896681883,-1.1455494301347795,-0.5750600978572408,0.9266743813722155,-0.18612825782952958,-1.24219832910424,0.416482408643305,0.12000082379869806,-0.420888600286642,-0.11626904440667538,-1.2183116836729748,-0.2785209220149394,0.9376219435711938,-1.5976236317922292,-0.3430139746773376,0.052331382368710495,-0.18922876044314,0.17394579160779217,0.4654360020956963,-0.3296720637387201,-0.7043945866782975,0.9639501628149154,-1.4589011615559369,0.09079537192709435,0.5152235340326239,-1.9036684128334422,0.1969913269151509,0.8731864584620144,-1.575850533864091,0.12784078234376361,0.8367117548517744,-0.8245690833228418,0.23253268885157719,1.0414078346422284,-0.626390912716964,0.6471999634760143,0.7304364131904487,-0.7015762179878451,0.8359719789606638,0.2583191866461511,-0.7987342132092705,1.13627126833177,0.423185928961314,-0.21101169399160005,0.9564205877695487,0.42448487661404233
-1.1797250115725721,-0.6849902355166947,-0.4540262798036309,-1.1438092658265315,-0.5704628274231057,0.9162636537833186,-0.18866838037264907,-1.236897551996749,0.40973598950021295,0.11530627355898461,-0.4261908452064937,-0.11637625066188652,-1.2146389575158445,-0.2610616837196655,0.9086314076148754,-1.5922692749548235,-0.3411965041246388,0.051742957442183574,-0.18132895374901176,0.17159117321456716,0.4666524868954907,-0.3379480193537518,-0.7108257137975669,0.9773863188249498,-1.4256730105305935,0.09946219393884947,0.4905214182241305,-1.8891845896801225,0.1972179092408569,0.8691619188979521,-1.5402180695379302,0.11120995049940421,0.8456674019594174,-0.8330727637929,0.21281123779559633,1.0660179790007762,-0.5947458893066683,0.6445911817327723,0.698966204396979,-0.7093705214128523,0.8425669728418282,0.2782616181902533,-0.7793569372653624,1.1439755753490854,0.43375691800990934,-0.20148398142517956,0.9755618693442435,0.44201134405221043
-1.1701680718758931,-0.6749535270433916,-0.4512727215695818,-1.1469720558483392,-0.5710846053079359,0.9039582899552807,-0.18855995831986636,-1.2416137194304662,0.40946988248947574,0.11706177878685764,-0.4278720726120671,-0.11748300652944314,-1.2039985656243222,-0.2597448780410222,0.8971274449039813,-1.5891362596088168,-0.34178869050470206,0.04631513546980921,-0.18384513584096854,0.1805650680238075,0.45390090288188456,-0.33941427823019127,-0.7101771340763463,0.9972561974448921,-1.4139660163858956,0.10340177101395301,0.4687888682495382,-1.8870146944970771,0.1930851801525906,0.8619287118228975,-1.5234936817546079,0.10071965946912197,0.8517389881781485,-0.8407705904252429,0.2044045928650879,1.0884929391022573,-0.5960572372985302,0.6416811962278579,0.6967621123524989,-0.6992227576895544,0.8434173795942018,0.2709706814579158,-0.7897645203131641,1.156000146978224,0.448547213173298,-0.1935103995336107,0.984409661161895,0.45142011335933135
-1.1619930363588282,-0.6623383552797821,-0.43766110251784096,-1.1397939667445816,-0.5696905266924716,0.8982239699079024,-0.18687744137011475,-1.2330978664942227,0.4125779230798807,0.12754797455900585,-0.425819452756883,-0.11376925900809493,-1.2127813327510284,-0.25772837816274846,0.9007801446360992,-1.5840785820916738,-0.345996087857051,0.0436422505315408,-0.18319762534481096,0.16969011724522398,0.46888619754267996,-0.32535779158523903,-0.6990200029488353,0.9838867850171665,-1.4077326440363145,0.10554203695928946,0.4676726664058752,-1.8776558225282867,0.1924784643524662,0.8747868317004335,-1.5355315924762598,0.10773078969561176,0.8648499690275617,-0.8338883092036652,0.20802454092080894,1.1019946107520313,-0.5970560751695068,0.6500752064595055,0.7116189285811855,-0.7111196744003523,0.8608856448486173,0.2984138948244687,-0.7911512003115039,1.1831203883147556,0.470338620233424,-0.17908583703030145,1.0145073926678936,0.47461273703940243
-1.1700989265409727,-0.684720338897191,-0.4672106699808629,-1.129650842164978,-0.5712995039689337,0.9010084544906944,-0.18396502443364665,-1.228187474821796,0.409547785899661,0.12312584378791691,-0.42596325022386433,-0.11585719047960588,-1.2146106514547708,-0.2578405746275817,0.9039174278516742,-1.5808386103458085,-0.3503640675271917,0.03918445341550143,-0.1791871279566048,0.17260876508731257,0.46922067051853455,-0.32662841798823167,-0.6998745401121736,0.9912202716498287,-1.4206811324327082,0.10196320554876741,0.4776071323250804,-1.8894811372512597,0.19093629811304288,0.8753355010551611,-1.5183704549851214,0.09937198712657944,0.8635849119343351,-0.8314527469437378,0.20610481883154647,1.1084449665447904,-0.6065384916490347,0.6582508250530096,0.7228214939354786,-0.7093307978764031,0.868342541362657,0.2978366546790725,-0.7913255787993195,1.1848037243971212,0.4700636094071752,-0.17583624255582372,1.0176766452950436,0.4765591577586498
-1.1710036673183633,-0.6794614600874204,-0.45590075600442553,-1.133405494673099,-0.5715761934037732,0.8953565536974727,-0.1852143885675638,-1.2338247769467772,0.4042929207626289,0.1258402958012774,-0.41897674641647165,-0.1131283941549872,-1.2110895577883947,-0.2642828416994539,0.9092229369234776,-1.5889662707969572,-0.3518087214370939,0.04310720090900176,-0.18001979687966638,0.17563704181252576,0.4659869230184236,-0.3289066347206246,-0.7069842500302667,0.9898456954885884,-1.4215309204352662,0.10100787713214497,0.4829302143177338,-1.8909317390440223,0.18944395083207125,0.8752433508348285,-1.5293665519780126,0.10087423942083361,0.8643015336714739,-0.8321122416132867,0.2117145428885058,1.103022847612444,-0.6076979134093252,0.6553877901934032,0.7183716026321565,-0.7199172807871002,0.8675273937929643,0.2986432237268656,-0.7950831725179892,1.186874664315546,0.4736276081941857,-0.17603248063027177,1.0140397886330794,0.478957606979016
-1.1821143481999945,-0.6755050359091311,-0.4659906376759343,-1.1385081330068803,-0.5729465830635713,0.9016979456085124,-0.18826946727384136,-1.2341319504448898,0.4088666059996381,0.12103410898229593,-0.42083139598804137,-0.11260728054542687,-1.2178130002213903,-0.25839569893231035,0.8996252806166808,-1.5990084711108874,-0.3421804268636891,0.04140647087183262,-0.1756427107127847,0.17737893466304996,0.4609388538134977,-0.3301407221749613,-0.7138982948330004,0.9964095711165024,-1.426018611466422,0.10241402817083656,0.4639057559806762,-1.8966984649326581,0.1854431162258508,0.8650512693167662,-1.5265412620339027,0.10093689271737175,0.8631718023254459,-0.8411141245472995,0.20473809308705254,1.1013699835878252,-0.6121058555373733,0.6552226064642995,0.7188023291547605,-0.7127195409364959,0.8670492432985771,0.2931083617783203,-0.8032329785833577,1.1846628097486316,0.46560509350867185,-0.1873840095495569,1.0075522434023783,0.47431409639900374
-1.166904333602084,-0.6782813649424374,-0.4558114339649935,-1.1338615300624508,-0.5694486073497377,0.903369495317171,-0.1870459626079294,-1.2403734876166421,0.41061282164852664,0.12604399598063845,-0.4293918264861443,-0.12472040780304738,-1.2193301319148409,-0.257654994740917,0.8941439421590314,-1.602382792669761,-0.34640651904251224,0.03766074689734631,-0.17612169102805114,0.18842441307216595,0.4479125633273312,-0.3372819099670718,-0.7137423724573644,1.0108900777864973,-1.4460968392694369,0.09650914168853147,0.4568167583459053,-1.9018729935215666,0.19277041459427255,0.8678378430039135,-1.5428430760423284,0.10434014771812221,0.8596901491736825,-0.8557597460318794,0.2134837350848852,1.1049487551874655,-0.6107147584552407,0.6438268379086193,0.7092525195916756,-0.72878114488649,0.8574878905472519,0.2908316543272381,-0.8183655331405099,1.176953333670325,0.447081431867874,-0.1968625725273983,1.0004729694054546,0.4632348334405749
-1.1576555782514653,-0.681315072268628,-0.4528976765680724,-1.1324168331481925,-0.5746586372687867,0.9021583358947369,-0.1878220937175604,-1.2459104413261397,0.41234749723071323,0.1217380190915293,-0.4415002073088078,-0.11652194066986479,-1.2209521209277605,-0.2603459142555811,0.8955375333036035,-1.607587700969872,-0.3508006639691701,0.032086878335065946,-0.1783460441553418,0.1874625035047435,0.4484181914754554,-0.3397397015903373,-0.7236590435432638,1.0263079581978614,-1.4357085965358125,0.10152637462762065,0.44161413760684975,-1.911679194900455,0.19285787954330774,0.8656188626514734,-1.5578530630642162,0.10666450391489117,0.8532626696755443,-0.8647935056028544,0.21415038719727592,1.10522883461074,-0.6154225424784955,0.6323453809809693,0.694424849490313,-0.7309185802005018,0.8439572855595241,0.28026466322841026,-0.8172034569590997,1.172528886254533,0.45591514698548996,-0.19996020449963728,0.9978219760296972,0.4578255972384057
-1.1337683147867907,-0.6673758802623139,-0.4495143869970931,-1.124729392948082,-0.5735527969469263,0.8908556149390923,-0.1899078250394751,-1.2529750306653098,0.4250621924823879,0.13363146460612524,-0.4376674480976437,-0.11189046573352433,-1.2129310632438743,-0.254825913682088,0.8598788938883464,-1.613540735994732,-0.3584837493292765,0.013361609355817056,-0.16537796651201842,0.19521599503234918,0.43876178367901747,-0.35040603419873717,-0.729599885506768,1.0491508652378632,-1.4534469118723974,0.09579975266112871,0.4160479708227634,-1.9272526359218956,0.1889457762512359,0.8531578198608041,-1.5507291686081004,0.09199343422787327,0.8623561442400807,-0.8981867206844267,0.20577932035250387,1.1297673459389468,-0.6057122920713339,0.6089964162396859,0.6458379788026799,-0.7358702633930125,0.839710724856615,0.27400624724019057,-0.8331015481076008,1.1812906597046338,0.45187461803962337,-0.2050771686274163,1.0238132363195063,0.47929708591305636
-1.1235991411716093,-0.6542596296154827,-0.43648462274164407,-1.1189433749634503,-0.5688447129128517,0.8827718124100679,-0.19107755992384745,-1.2537254444594061,0.41749025380609445,0.12704807331699253,-0.4498791995922351,-0.10951003745718062,-1.2139739989854255,-0.2527624972362782,0.8413909775486428,-1.6144715002454466,-0.3691221623216419,0.0041282421076260616,-0.1590054293078161,0.20016613411408263,0.43161141371009754,-0.3505733944077736,-0.7300792975303279,1.0605352090932225,-1.4511817864604157,0.09864926947117175,0.38687596587482703,-1.9358912249270392,0.18196582241228743,0.8426766116925622,-1.554806888179744,0.08570881174787391,0.8583807809268398,-0.9121755186031559,0.1938711693307921,1.1451986102592076,-0.594855492280256,0.5981869875377818,0.6246564552437539,-0.7364829668903601,0.8336859771945736,0.2784641532362011,-0.8607314993453076,1.198541722890668,0.46925532237010387,-0.2039069296868464,1.0358835763742096,0.4978054396528657
-1.1125751190044857,-0.6470535355910764,-0.4314940477285696,-1.1096772846392757,-0.5730063322544539,0.8690926959142551,-0.19556993486203408,-1.2502513867301592,0.41731513345426025,0.13723387573540788,-0.45647848831148596,-0.11427650742127451,-1.2085380986183292,-0.25259492465534383,0.8340738385514392,-1.6192846778538168,-0.38245667914480336,-0.012833163088697617,-0.1422851332579865,0.20513338812303017,0.42634711155598026,-0.35646083492920905,-0.7442152543035768,1.0856110223892943,-1.463871686111429,0.09349213760948386,0.3762425834783386,-1.9307136236732618,0.17039342305992736,0.8352082283819359,-1.539835260055369,0.07050845544399165,0.8717720795698722,-0.9360302101070193,0.19046153322731496,1.1673205545730387,-0.6037593885815425,0.5921971139739183,0.6209649507942193,-0.7484379090799722,0.840525819265203,0.2802243995279239,-0.8672267383607275,1.2105545794639596,0.47722059425333274,-0.19924422989824553,1.0578959016045728,0.517014401969885
-1.1139196051912204,-0.6540139123381277,-0.4500391365877218,-1.1126368004499165,-0.5762531070813967,0.8724534258361177,-0.19419417080883128,-1.2564216356719404,0.4177550790140697,0.13717363669501031,-0.4547600761596742,-0.11393725400486487,-1.2116570775714697,-0.25130675042751427,0.8252215123144321,-1.6163894559671843,-0.3766918829604689,-0.013005145087565676,-0.13994231643848437,0.20603334250098862,0.42174240614363856,-0.36328781411119315,-0.75193210545483,1.0908223164376296,-1.4613546087927394,0.09765961565269748,0.3547131756368089,-1.9396694615611314,0.1733802495641311,0.8348273522607514,-1.5325772799840014,0.06596165874134552,0.8621950860732902,-0.9461057318119649,0.18560199623471446,1.171848220070151,-0.6157369520938869,0.5945419584797328,0.6291527875905776,-0.7391141579651422,0.8368872791486086,0.2772047587421619,-0.8637698831127789,1.210663103158944,0.4843964918896581,-0.20257865206890677,1.060428160455908,0.5206575720099484
-1.109910336401111,-0.6425059336748693,-0.4380351720082686,-1.1144121716564983,-0.5764494359034195,0.8685074936630567,-0.19712510640909484,-1.2510150824527133,0.40145389225006056,0.1338872106158212,-0.45141934321389443,-0.11310789561977862,-1.206375046345547,-0.25157267100455716,0.8222300880855575,-1.6165770581265344,-0.37658304541956417,-0.011974238887305953,-0.13523402834769152,0.20795040363267905,0.41557468575627204,-0.36442575739966054,-0.7524822800846952,1.0905547719761957,-1.4626863492219693,0.09498807684965464,0.35996031260966216,-1.9372131637226604,0.17201191766050095,0.8323100176088969,-1.542107829638264,0.06877017881983151,0.8628920897067304,-0.9495645386276925,0.18582633613196023,1.1708368896207875,-0.6065779491760913,0.5878620093132545,0.616678448978786,-0.7584115441698601,0.8396420901353392,0.27966749490195514,-0.8780619420286466,1.2129249692628454,0.477429929663225,-0.21419789234660783,1.0574977938398353,0.5244552273616028
-1.10145606928504,-0.639041420299312,-0.4307906767868591,-1.0981968043070873,-0.5691049014421239,0.8454784679776974,-0.19591582269603333,-1.24030235104765,0.4031639060756441,0.12664836110972472,-0.44471326253845445,-0.10704042975844881,-1.202710573115908,-0.24976034757932142,0.814609521192463,-1.611096639370983,-0.37107908361028646,-0.014443315916577527,-0.15184166944444774,0.2015513564205956,0.4124723607055364,-0.36444308762968575,-0.7525353762728242,1.091817647110564,-1.4625564855153645,0.09521346508249234,0.355608310787924,-1.9306064740344056,0.169678390728151,0.818738736051574,-1.5203497992656143,0.06348688623542355,0.8577323218572754,-0.9423354704055052,0.18502492362112102,1.1601587545480254,-0.5983876175174879,0.5911204906818122,0.6101633241936497,-0.7465812345285681,0.8312748476496382,0.27151171611417724,-0.8701097466487845,1.2111058914890431,0.4780286074434286,-0.21086278753813892,1.0549723006895502,0.5208190993278925
-1.10145606928504,-0.639041420299312,-0.4307906767868591,-1.0995053462783861,-0.5739443069958374,0.8514082241796659,-0.19735526412300478,-1.2238726582841957,0.38468408082148764,0.12698832843146762,-0.43965320343912184,-0.12009047431721454,-1.2062538088341757,-0.25123767422282706,0.8189737135968576,-1.6027547801681268,-0.37963991398847324,-0.021439579626382693,-0.13805373957043576,0.19591213060696872,0.41237691580895575,-0.3594852075475481,-0.746868001059789,1.0597558575227466,-1.4714991052160966,0.09033646368622875,0.37426695860861176,-1.937624009025644,0.1676678165265417,0.8295547389224679,-1.529722643297889,0.06500725958493302,0.8578397486868131,-0.9363048611586167,0.18641305567570496,1.1571242508473338,-0.61317455370377,0.5972602874178851,0.6428679154596516,-0.7681724909855238,0.8433146167102029,0.2838803220678841,-0.8846253543665009,1.2150764280218906,0.4707853013965624,-0.21069713181658162,1.0599987309222794,0.5201511354096843
-1.104186130531652,-0.6320816242189914,-0.43121775566645304,-1.0985297863749919,-0.5707754740043286,0.8463371609338955,-0.19672005000560264,-1.2305610474809412,0.3832639660796663,0.12567582131943286,-0.43798668115041495,-0.12192695404753233,-1.2096511464040247,-0.2539042991669135,0.8213619332882438,-1.6086445481828773,-0.37994320014224603,-0.024922783959531125,-0.13148342021959505,0.20106012025519357,0.4072114945202067,-0.35477252958407063,-0.7463644870848678,1.0521926105095007,-1.4692917431129204,0.08951416146725973,0.3860106734632504,-1.9407037241442866,0.1603983778276682,0.8256018123359881,-1.521465625032034,0.0606943556323315,0.8588675419653802,-0.9375213266423265,0.18257633408432822,1.1525539395496376,-0.6141134359822549,0.600066085190903,0.6453784978375283,-0.7692449615604642,0.8449219479934923,0.2937702191081133,-0.8868344100191241,1.2168473675806808,0.489574924222117,-0.20926779272310453,1.0519753863778492,0.5196076145744707
-1.1137591562148312,-0.630636488231611,-0.4389284023310507,-1.1049033629159952,-0.5726300834500566,0.8431513272136341,-0.19910326058069375,-1.2297315294464108,0.37367759352802277,0.11552785595740675,-0.4347190356858015,-0.10690953687462307,-1.2041649056419315,-0.25361813912088693,0.8129312538638157,-1.610293912286942,-0.3802256674275076,-0.027802591483306202,-0.11898464769282366,0.2014385851847505,0.39235338425648375,-0.36103180929486756,-0.7743832161654566,1.0485216160145876,-1.4762015958804433,0.08855416529020706,0.3755277478718453,-1.937157277022375,0.15504026201928994,0.8127536848020287,-1.507639630600086,0.05383957237875852,0.8573558362480623,-0.937593013177342,0.17492789188554528,1.1509925672938914,-0.6175756022523967,0.5986239045414686,0.6391261358842661,-0.7619783010005894,0.8429268613137628,0.28854709893149627,-0.8823309741311474,1.2149130311186573,0.48300058292233694,-0.20904284880317964,1.0497290401618486,0.5127808690629727
-1.1208527083812336,-0.6151956587024363,-0.43586751739968344,-1.1138988597765478,-0.5679576644859251,0.8330603994374534,-0.2009741331435978,-1.2308591695496174,0.3629395173475129,0.11153957776282722,-0.4348753096136655,-0.11193578791914195,-1.2144876778628653,-0.2444109017432007,0.8027409174603657,-1.618663358297988,-0.38777934432576505,-0.04532899107646238,-0.10694722768229192,0.2053600006247222,0.38227410357790154,-0.36752882861962965,-0.7950287876129761,1.061970721924789,-1.4714016213055205,0.09050108773183563,0.3710016711127034,-1.9445185685216806,0.14911380388004608,0.8120063990004527,-1.4903258087724232,0.039891102078193234,0.8588466602332784,-0.9506784773735834,0.15542394143974075,1.169528151143006,-0.6229766862120066,0.5940806667434466,0.6415719914551835,-0.7577667629724977,0.8365754058192525,0.2867287385319014,-0.8895847354127381,1.2115810973437964,0.48321356390525844,-0.21115365426661764,1.0480431736827516,0.5232462653938291
-1.111950925460967,-0.6089322075962676,-0.4295606215707829,-1.1089894657465291,-0.5664672034788965,0.8289364068942828,-0.20463946941167688,-1.2285560737293328,0.3526362474066161,0.117620582967728,-0.4313293230548761,-0.12109118421713315,-1.2073118266584992,-0.24439263010320672,0.7954880989752721,-1.6053319788849099,-0.38556869330690174,-0.041474320841470964,-0.09373666361443816,0.2016143566518713,0.37665554585565686,-0.36412868911081764,-0.795368582339331,1.0629017039487525,-1.4595842397905174,0.09111798990439814,0.36573740842424385,-1.9291802740691333,0.1417888670715672,0.8096873945421391,-1.4709601736089875,0.029525627290437617,0.8645270529096537,-0.9373883361756529,0.13967284943127378,1.183917700753559,-0.6107657460937422,0.603016901585538,0.6477974758220431,-0.7671035617238572,0.8493561999944463,0.30048697413161957,-0.8845296045466869,1.2219901985394734,0.49795141962975575,-0.20099522117309876,1.0484153274593178,0.5138950454551227
-1.0978663468021073,-0.5954141606015816,-0.4143332365718144,-1.0972422559299295,-0.5670929358738838,0.817421582929549,-0.20364847015356818,-1.2155762355054418,0.3516149299313807,0.1261182088170716,-0.43799779958210555,-0.12489667715481453,-1.2001857442806696,-0.23648610229567887,0.7807444276622396,-1.5957798676359476,-0.3898359554877265,-0.0443878303501874,-0.09299306766596993,0.19606557009262282,0.37956689950816125,-0.35730465260221955,-0.7935568243140516,1.0555340386619287,-1.4385367099967006,0.09509761608032377,0.36346679396448656,-1.9194805243415516,0.1432195677184331,0.8109921282938957,-1.447805302511213,0.026243735338575,0.8655664495614572,-0.9315382537384758,0.12802708220641715,1.1895373889576248,-0.5987850550775129,0.596607596243711,0.6251740119138854,-0.736759483178982,0.8428312534509573,0.290231893368065,-0.877456511495155,1.2252345779081315,0.49875393185482136,-0.18193185843134674,1.0525896979993894,0.5265850604801492
-1.0929836426043333,-0.5896415773319527,-0.411264968899891,-1.0935837900548901,-0.5568054894147314,0.8173748087877158,-0.20111007177183932,-1.2135599380396214,0.3507189784222913,0.11596988454494032,-0.43473044665857524,-0.10987294582853809,-1.1915057615035751,-0.2340585760644186,0.7764510592600723,-1.5979881633421111,-0.38733187911708306,-0.03912449134327993,-0.10074226592401374,0.19734573704819208,0.3800850012211788,-0.35853785367278307,-0.7924050203029799,1.0627167275511504,-1.4280372416516354,0.097088089727252,0.3629071690066638,-1.905045367239303,0.14031940256373632,0.8093168229584138,-1.4358461758225072,0.021764222207957512,0.8675637045306003,-0.9264227972531133,0.11848063577170086,1.199993745938131,-0.5863135179587393,0.5984649829979876,0.6245395425945123,-0.7402389350738097,0.8506432237010441,0.2894253999674272,-0.8588191291955766,1.2209340020122244,0.500145174302758,-0.17685675814552093,1.0550236715295975,0.5232801208164366
-1.0958584543430205,-0.58394531879054,-0.4048388107843877,-1.090680707185645,-0.5572343202870254,0.8090289658488758,-0.2025004319350046,-1.2144636839576537,0.3457126549954646,0.12753351667972967,-0.4362267053098147,-0.1238803574609103,-1.194755826813426,-0.23634209690168276,0.7744691307111805,-1.5951979496442656,-0.3877001672884129,-0.042417055489576756,-0.09299306766596993,0.19606557009262282,0.37956689950816125,-0.3596229618754235,-0.795116812806232,1.0640310624184088,-1.4264133690999643,0.09893711166152232,0.3543821454187645,-1.905115410623433,0.14339387697740172,0.80718535633754,-1.4138389764968369,0.015082970212410455,0.8759066911754565,-0.9170026402036806,0.11617016855540445,1.2081887364953292,-0.5875498678444804,0.5955813732998654,0.6221629235356309,-0.737630623884762,0.8519913959976408,0.28878010301689866,-0.8529147914085168,1.2203552856748139,0.508514563028575,-0.1702390592355811,1.063310052533906,0.5254546138396031
-1.0914281797483318,-0.5808391345607199,-0.4018752171228608,-1.0903504659223044,-0.5555603561783375,0.8081760589857063,-0.20225306530839507,-1.2168361526117075,0.3497339551264351,0.1256324122479831,-0.44314548509137736,-0.1214303214927569,-1.1966044341182878,-0.23327249667205707,0.774012940054666,-1.5953991161831502,-0.3900534151203344,-0.046446360175992185,-0.08782244719502916,0.1946463803842554,0.374739735690555,-0.35709985014288737,-0.799369782794769,1.047345330018458,-1.4320309340450001,0.09752403845599499,0.35568755167378435,-1.9032382076811265,0.1418885509625264,0.8075385390242469,-1.4175712818239563,0.015088065786080476,0.8767278769923927,-0.9176002707026145,0.11821942497054638,1.2121511521933779,-0.5865460641528175,0.5983969197431908,0.6279105701207659,-0.7308901669936029,0.8469993913024857,0.28637571635457243,-0.8560204147147704,1.2226187551875214,0.5090559086099807,-0.17219737052496803,1.0576266802480074,0.5297068548072172
-1.1086535756452258,-0.5901140576981608,-0.41628009454292353,-1.097868239072714,-0.558635016647025,0.8147649588529537,-0.20338710453668574,-1.2201161074318385,0.34874586800870006,0.12119104041122561,-0.43641178492349214,-0.12365249129889724,-1.204416525039293,-0.2286730156112341,0.7903183115650249,-1.598393070925197,-0.3920391370467503,-0.04718885242578222,-0.08222575124411657,0.1900897487774925,0.37737237799974277,-0.35685914432076626,-0.8027063529316729,1.0299302361488094,-1.4259542694501668,0.1009208388338369,0.3525892496884678,-1.8949669339978852,0.14183437557943476,0.8087090856130479,-1.4073958720944797,0.013673886056497282,0.8751392223711681,-0.9117217050770635,0.10439216570838969,1.206541857278874,-0.5915099054489191,0.6051934359184771,0.6423934840361956,-0.7394024774326924,0.853629726643611,0.2932086375639438,-0.8511498982347564,1.2137671886564636,0.5055623000300772,-0.1738148024250957,1.0455283316451214,0.5220711301565996
-1.1084646794465487,-0.5896277333936277,-0.40536860661324686,-1.1055627983804186,-0.5516303733083894,0.816705469522242,-0.207433413661672,-1.223249385662905,0.3472103384346704,0.11602843871261316,-0.4364527456424341,-0.11019097904630923,-1.2007800696476951,-0.230118446502016,0.7874273955576302,-1.596735670920302,-0.3793937329826723,-0.03719487267304817,-0.0852926682189142,0.1946100579274302,0.37498791061674575,-0.35675437810141863,-0.8134452047057512,1.0401319077360724,-1.4285411599378166,0.10116031283871371,0.3528628298218546,-1.8974706843037203,0.14628824493790313,0.8090579385434525,-1.4048525071004745,0.014078056905493672,0.8704744704211879,-0.910944253957607,0.0892665329592916,1.2093106250477388,-0.5799255838496544,0.6042644824690465,0.6347615281034551,-0.7342574548086314,0.8441987629099881,0.29735994575922003,-0.8331957354322387,1.1995933304737287,0.49435776416541327,-0.17686389952858658,1.0279466322587991,0.5067007035984387
-1.1144035487856188,-0.5899642422836878,-0.4114336362529737,-1.1040526399677137,-0.5550139001511943,0.8179225393088182,-0.20470697610341576,-1.2286574451950416,0.35392809989431834,0.11645263137791709,-0.4468757358605457,-0.12316296425282228,-1.195419487099434,-0.2349828440798227,0.7882530357048837,-1.5957731665366632,-0.37747343138337774,-0.03728115770666414,-0.08458806305937723,0.1891084679282998,0.3799418214578321,-0.3578937782840214,-0.8165163733339305,1.0491609499244812,-1.4125285417761753,0.10627493605373267,0.3438668750343903,-1.8894114317095725,0.14773155179843225,0.8100918092647765,-1.406810920360712,0.017636420557922326,0.8753986380244944,-0.9039047298545049,0.09264089536693025,1.2113775514055012,-0.5833360093661143,0.6028411733341092,0.6274866863649924,-0.7278314134860641,0.8468106388710258,0.2925755565032822,-0.8209690573817819,1.1975491982623538,0.488098664893865,-0.1718401916474416,1.0256731352228081,0.501777742894606
-1.1099273950330637,-0.5865100286840648,-0.4100526972434662,-1.1003320604121016,-0.5565885290179506,0.8211293113089502,-0.20511511922326614,-1.2215319303193168,0.3502005312699862,0.12098507406141407,-0.4432888643477012,-0.12197929857313623,-1.1991148054103737,-0.22886215471701848,0.7873323927025041,-1.600980707242867,-0.3794146936809223,-0.037797695996679814,-0.08513900946162502,0.193584128740442,0.3778110392286426,-0.3523083169932952,-0.8153498750167966,1.0452182266621428,-1.4119947933600134,0.10674395471087056,0.34832744926077125,-1.8917209615505164,0.15223300396326725,0.8094887838080728,-1.3908884769636183,0.010495864192582445,0.8762931062251859,-0.9006596852901825,0.08867867819003555,1.212790543568349,-0.5789819292176595,0.6086008247422443,0.6365585505941213,-0.7287200199099724,0.8453339554707255,0.28078850993397175,-0.8193026061480766,1.1949785987958172,0.4935992824214828,-0.1674145073239557,1.0215041207007123,0.5095150828523731
-1.1134615111070436,-0.5842824884290315,-0.4128576593861474,-1.1020765455359114,-0.5549363089744932,0.8196565349719486,-0.20477444584779023,-1.2287587955379802,0.35521980212945065,0.12558949004678777,-0.44830257594304085,-0.12092832827940127,-1.2022602771730786,-0.23245708650307137,0.7844472609139265,-1.6043679723739306,-0.3836479322326265,-0.041551654919459946,-0.08002728623764933,0.19197873924416736,0.3689220393744865,-0.35909986501416996,-0.8130890454424488,1.0510186392217267,-1.4180207243492877,0.10498551262344631,0.3418303885985595,-1.8920967512936295,0.14480363032392535,0.808929123467076,-1.3957436615860825,0.01117576471554312,0.8706390413600085,-0.9048754488914474,0.09287349283328784,1.2170903078261222,-0.5805455088934817,0.6000242648032511,0.6284426643560567,-0.7189599077226441,0.8401621342054942,0.284622367983616,-0.8404662613566716,1.1998215839325987,0.4920257853406177,-0.17031656395545822,1.0254390950058805,0.5039453731426073
-1.1146558930829007,-0.5909554729860073,-0.4198579321419249,-1.1093594880348199,-0.5562802878420601,0.8265020966442452,-0.20299452464906062,-1.2222865992807723,0.3501794123779284,0.1169726997611957,-0.44670905872108013,-0.10547995043539551,-1.2011105110496696,-0.23105646138822167,0.7961241345335337,-1.6084258610645241,-0.38377932546567894,-0.04319619411734697,-0.08528556976859096,0.19465131663778068,0.3760056152931888,-0.36005678843805694,-0.819787007718921,1.0490419717666304,-1.4221314821463575,0.10515605385502715,0.3389082670670877,-1.8929415808711019,0.14924922012569913,0.8095066032459141,-1.3970719477237457,0.010537925125329054,0.8773812249454052,-0.9126445994746755,0.09348667910287349,1.2201441697308224,-0.5912766097926995,0.6052628958341074,0.6390205744720197,-0.7178315226999039,0.844640848755756,0.2869635175210153,-0.8283931461334971,1.1907823709462706,0.49088661870636174,-0.170456116880717,1.0129521754813868,0.49969155866706266
-1.1150673225386334,-0.5932911672916296,-0.42163710864895204,-1.0983562787319276,-0.5565106603705657,0.8228619538169982,-0.20095695243603057,-1.2330322351436689,0.35605684268299687,0.12644308830100243,-0.4430781961860675,-0.11629635465448547,-1.2025896958607634,-0.23339113134541728,0.7931476157214133,-1.605206619346306,-0.37697024473241386,-0.03331837982520118,-0.08053511616061124,0.19655647939585538,0.3688159157537561,-0.35568967589610756,-0.8153178343011463,1.0495378799208768,-1.4200252374752893,0.10410876592798876,0.35388193202491125,-1.8939161169914462,0.15057197730557267,0.8131764553177763,-1.3911132554102068,0.011777586695346858,0.8768600668721489,-0.9120375502990082,0.09143518946737107,1.2161589132254105,-0.5847533053348791,0.6039627751941824,0.6427261715106135,-0.7291884014831665,0.8484193719848874,0.29582699323435063,-0.8311761353898147,1.1890846700888176,0.4819811260985534,-0.18190393120032236,1.0106334663486556,0.5000967869896603
-1.1144035487856188,-0.5899642422836878,-0.4114336362529737,-1.1054071688326448,-0.5561245384578136,0.8299662596627209,-0.20485329748930697,-1.223907252991616,0.354216477415739,0.12113345861421888,-0.44320393834483196,-0.11239226649288346,-1.204253464764526,-0.23463949240480864,0.7932454122911079,-1.5980776914579804,-0.38109644180868346,-0.03504828361960839,-0.08977116131019852,0.1902251365947874,0.37661467839848883,-0.35224355696979054,-0.8172363589132592,1.0416135765950814,-1.42098080204035,0.10781160322551885,0.33717601368895117,-1.8914451077338306,0.14765552415508848,0.8117571000337742,-1.3871213338685018,0.010836296201694268,0.8719334471678177,-0.9001169258688633,0.08283494770906734,1.208389054515137,-0.5912333556272594,0.6108763966306553,0.6482695509627833,-0.7194991950717932,0.8417142534946416,0.2855354124117148,-0.8171794472658236,1.1810607215964541,0.4827842273137888,-0.17179474638568556,1.0062409552345317,0.4891169539323205
-1.1293831912346963,-0.5979001451512274,-0.41708568033655785,-1.115002884489008,-0.5592187544862157,0.8359446669648167,-0.20458971403893553,-1.2262818518779277,0.3582309552861046,0.11409080013354218,-0.4469012037764214,-0.1178959482631653,-1.206755896582688,-0.22703519006694647,0.8028823944796183,-1.597096158130216,-0.3667992775861977,-0.027968361627432572,-0.0875361754787081,0.19243351584311905,0.37631295974904866,-0.35661491217679675,-0.8217703615463888,1.0424149361720534,-1.4142120118821726,0.10876283194294575,0.3500382671718595,-1.8906032107460136,0.1505513237693797,0.8136358518074429,-1.392238490641432,0.012537325857787088,0.8694937404790675,-0.8966342771123131,0.08262717179816495,1.2092185543882057,-0.5792169584036354,0.6085310652324811,0.6399315673941289,-0.7105148262930812,0.8380901525503829,0.27593534147429694,-0.8096400172068626,1.1729382959466534,0.467237718034529,-0.17827787583928884,0.9864086841116314,0.4770538579603927
-1.124604150521418,-0.593104595155994,-0.4088441162449841,-1.1166068094161727,-0.5557812194691627,0.8358332921309085,-0.2037160641947937,-1.2277438795165119,0.35061977102247976,0.1268428346874774,-0.44824612995953783,-0.11876924973197034,-1.205051843606462,-0.2256671214199621,0.8017040306450237,-1.604242857634494,-0.37504826558804705,-0.033394528667367765,-0.08225444699641538,0.18992292930453342,0.3733008893297167,-0.35652993942701405,-0.8258445049430408,1.0416348811910345,-1.4111006193193476,0.10901139909648788,0.3542484003633032,-1.884814521171982,0.1549588718823241,0.8151224117165462,-1.4007690129583923,0.021125753072491166,0.8657473926312422,-0.8933019426585956,0.08023684454040805,1.1998692662679518,-0.5874943831478677,0.6123953556067949,0.651006399720395,-0.7011820312801119,0.8374965638390414,0.2790285748293111,-0.8046062062000043,1.1630285087691374,0.4740708483844847,-0.17324489072785537,0.9841120941461463,0.472145143343473
-1.116162370268005,-0.5893647874263334,-0.4036487425276334,-1.10504211099356,-0.552609419756753,0.8315985082424048,-0.20414635391771696,-1.2355833055811434,0.35506968659540955,0.13281499962016038,-0.4481356555275178,-0.12716134092812775,-1.2053377671428578,-0.22006013923971662,0.8020404145704734,-1.5973657413955211,-0.36044162592552625,-0.022814139405202747,-0.0918283394608317,0.18700526090614678,0.37973045787819615,-0.3553849293771566,-0.8249449984959574,1.0353921675499227,-1.4044803380806579,0.1118769149191741,0.3412410256879945,-1.871257208419126,0.16113991294543556,0.8107114181123241,-1.383938205703017,0.015021891171407004,0.8692682646062161,-0.888658741877703,0.074356117010523,1.2033461386530762,-0.5757282083729147,0.6059187742312578,0.6307773468987852,-0.6883454779917894,0.8290851644292545,0.267557183581816,-0.7883607563548236,1.153398452795942,0.4550846231080309,-0.16345701433831578,0.9620257669419712,0.45892070058688145
-1.124480261529216,-0.5812858243711199,-0.4028939679944179,-1.1152227386321796,-0.5528277041818618,0.8262814851786836,-0.206794776804437,-1.2328636672723237,0.35623542457868485,0.11869908723311923,-0.45191533065777395,-0.1168252579299269,-1.1998913279253234,-0.21819374006084968,0.7934617492244006,-1.5982646852493676,-0.3710774493940044,-0.03193375621376994,-0.0900902970578164,0.19227081295601775,0.3709711707675227,-0.35635963380092894,-0.836290346900301,1.0454688379751127,-1.4052280794267935,0.1126980044556347,0.33489709619074964,-1.8772259588247848,0.15863030033547582,0.8003504930763785,-1.3706398321548163,0.008084796797014588,0.8686480824476018,-0.888258335504124,0.0653850045557337,1.2203465872300925,-0.5735071335932997,0.6060119258165678,0.6295990382884212,-0.7044090750440164,0.8301250096069649,0.2764561874963956,-0.7731048147938023,1.1446271332145768,0.461142982070051,-0.1621705384555862,0.953505846232058,0.4619827455729534
-1.1260538671984046,-0.5791623104395349,-0.40252091253606437,-1.1088255382137753,-0.549136361667439,0.8319938856980298,-0.20727193901728713,-1.230789777650009,0.35609804192800365,0.1196437771646786,-0.4536612912955643,-0.12309072494650222,-1.2030801112843899,-0.2251392760215226,0.7952836832341019,-1.6002532957903153,-0.3662103336144081,-0.022570935401849894,-0.09037773244274333,0.1945205761742722,0.3704186003333506,-0.3531217618138134,-0.8323874809323536,1.0457151481707312,-1.4060011621876318,0.11181101140855931,0.338044931649457,-1.882850961934969,0.15966515656482072,0.8102213541831166,-1.3758946673689325,0.011243193802520807,0.8650109511952108,-0.8881242410914225,0.06345097933111432,1.219180497372684,-0.5830286255537521,0.6069905075200072,0.6383084405712484,-0.6981778958802826,0.8251836287987648,0.2753166508207374,-0.7870085015012503,1.1490588999902291,0.4629123213251879,-0.16221018551266034,0.9548951573861217,0.4636520084291281
-1.1240915461934264,-0.5899236272099637,-0.4111708768497481,-1.1069150264261036,-0.5527430134008022,0.828747401133055,-0.20635007521645243,-1.2299776490562253,0.354083630610799,0.12291967971350155,-0.450130385171926,-0.12408430907401224,-1.2065920890295467,-0.2297776566466309,0.80217471533103,-1.6018203674303884,-0.3727367806115133,-0.02956396327297182,-0.08225444699641538,0.18992292930453342,0.3733008893297167,-0.3541774562861393,-0.832764008095178,1.0404089665627096,-1.4054990453147282,0.11221082442053472,0.34358238593892176,-1.8737507222061687,0.15670348735618084,0.8097079721508548,-1.3825012595105073,0.013765787536120382,0.8681284808795221,-0.8853440578114247,0.06690008346658381,1.2142511773633453,-0.586933594234598,0.6110205757749249,0.648126775648114,-0.7017787852765205,0.8299717399558662,0.28383384959141544,-0.7882964076014035,1.152208333548231,0.46637834736579403,-0.16340257014585058,0.9621930031688084,0.4577654126541167
-1.110947825331658,-0.5928561257827095,-0.40528836510880306,-1.1122829655651134,-0.5521108178760857,0.8409169495942028,-0.1989676094425208,-1.234470647714925,0.37339660567410893,0.12213689371746597,-0.44667011792329736,-0.11897803116030899,-1.2034714825038648,-0.22786405153980854,0.8074133115379278,-1.5967731463441222,-0.3657610726120649,-0.017866715194180552,-0.08914094936589069,0.18609480977700987,0.38687633701290297,-0.34883779540775517,-0.8237124534121093,1.0443825639941495,-1.4079216810596826,0.10937928755582041,0.35628598600205286,-1.8725710202087158,0.15928666929163704,0.8184401236255126,-1.3790607262356542,0.01658157905486835,0.8657731807240527,-0.8758710749779787,0.06240190309820264,1.2110083227203894,-0.5823940996260911,0.6168344077275956,0.6548769755144174,-0.703391905094151,0.8361228007429173,0.27851819963892877,-0.7796555774046499,1.151165908253676,0.47393083724705204,-0.15673173729957185,0.9599681874078306,0.4527171823796625
-1.1093243337923817,-0.5946270730581262,-0.40724186960780373,-1.1056826348866768,-0.5541136405385606,0.8358101788172982,-0.1988877586837905,-1.224490090609603,0.3675045928205913,0.12405489513452826,-0.4466319472764209,-0.1212753503874824,-1.2032036995533697,-0.22549295444379208,0.7985418581196406,-1.598047191889585,-0.37617030642191346,-0.024904919620975692,-0.08417628041638112,0.18574069819823175,0.3812824004845132,-0.34555289508913256,-0.8196608796107964,1.0408167392801033,-1.3997481909706067,0.11237711855308265,0.3453964519080546,-1.8714278083530345,0.1595511094973584,0.8127433465809275,-1.3778465758178555,0.01418945020346864,0.8761060736449362,-0.8769635670496151,0.06646687808972745,1.218164469429373,-0.5800077441123571,0.609836905621603,0.6461688104371559,-0.7001642915066364,0.829860008191923,0.27918077259189167,-0.7900487571655971,1.155248333918353,0.471861595273065,-0.15674659382354061,0.9584099875529992,0.45220163204591596
-1.0832407054356643,-0.5903559079102858,-0.39471586170142126,-1.0888487914857008,-0.5515181757372075,0.8205224107199073,-0.20027969112620236,-1.2156289081499918,0.359180969708024,0.12645961009731047,-0.449954381979055,-0.1161246931184785,-1.194140478243121,-0.22675851749144763,0.7894105254084706,-1.5795461946577978,-0.3596790282735483,-0.013588398892999405,-0.08141660925317577,0.18338201268716042,0.38107668411146506,-0.34119805618849525,-0.8130264856060407,1.0385038435173972,-1.4017451270457377,0.11362509223453897,0.3271725270064,-1.8725150178923933,0.1596935050357304,0.8096696977523582,-1.3643415498149019,0.0063208972999162305,0.8713908421994196,-0.8751081383345062,0.05525965658785669,1.2262644193552261,-0.573033415183493,0.6046121262792155,0.6278693638905329,-0.7079920654218698,0.8227746150178745,0.2750115309745713,-0.7887092216489836,1.15383815432037,0.4671032879796038,-0.16025200665815215,0.9665599980021196,0.46250865062096136
-1.0905932681314983,-0.588114035231429,-0.3896640828814331,-1.0826228618830942,-0.5514549337377433,0.82237157981495,-0.19854733988368164,-1.2142151451971002,0.35772300129937684,0.13428838770166251,-0.44808482778313485,-0.1264890933923115,-1.193940146092625,-0.23263897819753016,0.7912340587311344,-1.5836876624126868,-0.365931551720119,-0.018220778018553884,-0.08903730056162622,0.18470244589728263,0.38053461017820284,-0.34449770525133017,-0.8148958750480936,1.0392565987570157,-1.4121490016431149,0.10978746722649581,0.33585035339360536,-1.877964971063323,0.15690989024218252,0.8052318152670177,-1.3721255374736585,0.009079351700692132,0.872433801298649,-0.8756559644561537,0.06615098460004572,1.2104924179272496,-0.5818193838067894,0.6027277166423792,0.6364332462072625,-0.7052317630445154,0.8256420458337187,0.2807222795821803,-0.7813387636884277,1.151970945743453,0.4697039660805061,-0.1568600362712296,0.9686502630168349,0.460441355530395
-1.0745735817756032,-0.5856572464776245,-0.38128288847767317,-1.0792720037516226,-0.5484240161575457,0.8145796758934888,-0.19718956997877596,-1.2058139520934386,0.3538011120540014,0.13186931753172926,-0.44639198635128086,-0.12087645152361912,-1.192017444709704,-0.227428482716642,0.7809808481162627,-1.5855426186579844,-0.37102465845388316,-0.030185924595531093,-0.08686564431021264,0.18661164636574334,0.37311313485078335,-0.3434840115267105,-0.8060384188029821,1.0372678669490465,-1.4118349026081183,0.10868516538742694,0.3344805221908723,-1.8802404333089715,0.1598760383537383,0.8056968163169944,-1.372068291214995,0.009427737058015752,0.8689034947640739,-0.8859192688159266,0.061335238456839976,1.2164916976759017,-0.5853407161767082,0.5956725877933178,0.6210186153133064,-0.7121878665373681,0.8260776297193856,0.27836523074500363,-0.7894683681396074,1.1548638130803521,0.4588379403187877,-0.16869505444757082,0.9652279394256498,0.4689617326480049
-1.0644010827673767,-0.5828762360000366,-0.38236176896075785,-1.0723985029833385,-0.5450158235662292,0.8147486525948231,-0.1956540443065233,-1.204710716927288,0.356215013732314,0.12726892393657277,-0.44138017484763314,-0.12190691786614694,-1.1866127516179932,-0.232187954154715,0.7806993454938845,-1.581216325223483,-0.36733944153485715,-0.03164546574327206,-0.08876766460000625,0.18232823882367521,0.3780269693276152,-0.3423597430366772,-0.8031601223959035,1.0321088031809331,-1.4153531106888928,0.10821551809772535,0.32145682962641575,-1.8833107440230508,0.1514450996557876,0.7941641487811254,-1.3612438089983165,0.0024423466989384173,0.8694382217408501,-0.8856705334708201,0.06697912354048366,1.2161673040611263,-0.580265876019862,0.5929721644306089,0.6197192316737808,-0.7131485601905401,0.8200720887401634,0.27626028258089985,-0.7969154753871139,1.1589702338059975,0.46595219030539475,-0.16856246104163564,0.9731786593597448,0.4704004407886083
-1.064882043678567,-0.5858542017611015,-0.3806537177507918,-1.0672340900762662,-0.5492143355387281,0.7997441579561035,-0.19863339597706708,-1.1923427244381184,0.34701893990009225,0.13076201074311275,-0.43785504384968943,-0.12433205036497201,-1.1832603187568012,-0.2312213980061677,0.7817777636577748,-1.5781190424042029,-0.3666736689003064,-0.024877325635268135,-0.081314728786939,0.18206072152115,0.37677254531126986,-0.3412434490020342,-0.8003431458222432,1.0282373341030937,-1.4226769818795943,0.10632243312666428,0.32601655162470483,-1.8792870463940057,0.15119539904711796,0.7995993394732293,-1.3662882185354945,0.0043173863021999555,0.865235670052471,-0.8823219526247073,0.06870782037072069,1.2181388713278218,-0.5894721303748084,0.5924987372218435,0.6298732803233077,-0.7218336970143263,0.8221393173028437,0.27828230813823607,-0.798505622623875,1.1546021344253878,0.4645889008126706,-0.17011074978784838,0.9763602224324193,0.47042168317737953
-1.0627179322383562,-0.5957885371716823,-0.3918013663996562,-1.0638331000834964,-0.5524633129442498,0.8037778195520918,-0.19317815158950719,-1.1932810730534418,0.3558271707685046,0.1281077817932371,-0.4292740949342093,-0.11740386423591677,-1.1884001836966496,-0.23055966020499893,0.7804318454263599,-1.5813979727904508,-0.3647700253191056,-0.025549059945212484,-0.10283308972989866,0.177371787789287,0.3834048018168181,-0.3389757408482861,-0.7882425444951902,1.0122082863812771,-1.4228077093447937,0.10445966290321078,0.3388128545595466,-1.885484752184446,0.14824093483129927,0.7989386999470477,-1.371795831794049,0.008582014765533474,0.8639250105029064,-0.8818852857697422,0.07208799193905228,1.2057105018027165,-0.5891917799151261,0.5941173843091971,0.6204141975654572,-0.7214322551744665,0.822111266002727,0.2771200680166578,-0.8048006778196961,1.1589864370234788,0.46665632164038295,-0.17020331920088377,0.977580715602093,0.4732500303832005
-1.0482239908786897,-0.5908986424570479,-0.3848388595001767,-1.0439911299548905,-0.5510488499191416,0.7995106858301333,-0.19272826638016613,-1.185824904330221,0.3551964697437945,0.13786244273859877,-0.43424638427304657,-0.12982245762737626,-1.1809090486316167,-0.23613745147645698,0.7727749396240275,-1.5836308823556815,-0.36964675689850224,-0.03544691431317278,-0.1049787055290735,0.1750302851537099,0.3785691863648202,-0.3345108485450614,-0.7919998390248382,1.0135862190109766,-1.4199140228800962,0.10475225705707468,0.3287378684613281,-1.8802753886428936,0.14865334816648906,0.789903576254419,-1.3785354106010792,0.012735747000850178,0.8640756255814087,-0.8820149583215927,0.08131633008612998,1.1977589309172356,-0.5841295394314704,0.5858172233941908,0.6098132574263121,-0.7229426406919021,0.8221988868767208,0.2740026891424406,-0.8110615074514255,1.159383237889025,0.46029937129156423,-0.170372276876122,0.9815782050890601,0.4794277438309125
-1.0293856842658664,-0.5834488408565432,-0.37265620555189616,-1.0480346135458423,-0.5529874536668176,0.7946202319279797,-0.19431028212120557,-1.1822098708713888,0.3530518710799069,0.1317334373986445,-0.4360733621106693,-0.12034075148334357,-1.1753782939992425,-0.23573527957794402,0.7642900416493817,-1.5633732577652144,-0.3714756093587651,-0.032437541208548915,-0.102531351780683,0.17482838670635245,0.37577606478833875,-0.3367719741972404,-0.7829293555267183,1.0109364746446854,-1.4319622013494413,0.09969816455944895,0.3231410607440909,-1.8884258818874855,0.15183649800980684,0.7856454169943112,-1.3779277206433025,0.00889021745753651,0.8623801102438838,-0.8925356033067108,0.08036764723585908,1.2060202435639145,-0.5922426843877763,0.5785227351811489,0.6008289678309123,-0.719654401294292,0.8128802221776815,0.2685035194956944,-0.821363511535688,1.1565208507656393,0.4623816776538223,-0.17682188842495442,0.9844486166929854,0.47985627678774484
-1.0253749709572102,-0.5828363822635355,-0.37057360236576875,-1.0497927700381742,-0.5513355302550498,0.7931735920582921,-0.19632184509017983,-1.176533248605208,0.35076492385190683,0.13272107026334565,-0.4326570998665789,-0.127085017540465,-1.1718168060400123,-0.23744255820723845,0.7635320520386438,-1.5628726492814993,-0.3779144916618564,-0.038474093601719606,-0.09301826395222142,0.1765824330018263,0.3722315884764878,-0.3401214130024988,-0.7890042239962819,1.0158534949823248,-1.4345945243662814,0.09700862513408105,0.32055431715298427,-1.8964340026200035,0.13995869653856163,0.7843119951657992,-1.365318054550101,-0.0008062565108375268,0.8629878585437719,-0.9030739920269213,0.0699021410881509,1.2123447397472342,-0.5859304374209722,0.5675219995072579,0.5832647109649215,-0.7318083065324966,0.8121157013998995,0.2670458732287382,-0.8266016646320796,1.16520481478029,0.467825957060393,-0.17693004518573208,0.9841106541507462,0.48216187146746664
-1.02355849790483,-0.5834184003561865,-0.3782839730686352,-1.0390859268676689,-0.5550794252074975,0.7877962630917132,-0.19104267243481016,-1.1772757330427457,0.3486339438513416,0.13423742889710183,-0.4274475612936309,-0.12685098436621503,-1.1714658026524896,-0.24134750327493093,0.759693805451345,-1.567805750356353,-0.3787580897761088,-0.047098322114699526,-0.08842462827210157,0.17831118479599875,0.36304390211061394,-0.33896586182375144,-0.7860842913888786,1.0094432718543371,-1.4451945050349668,0.09652831378634529,0.31485965859487386,-1.8969784169946755,0.13442194075738903,0.774847402721484,-1.3749992741475525,-0.0003162722912753522,0.8605087557681252,-0.9042134770401806,0.0850952392353246,1.2115674522594782,-0.6007038183407423,0.5726566472209412,0.5923019458198528,-0.7542472195608683,0.8165813519267207,0.2783728640306095,-0.829852111804681,1.1598549568840637,0.4635222158439752,-0.18684940603745578,0.9876418909754334,0.4879839091671591
-1.0245042690189534,-0.5893228816316263,-0.3745692875627583,-1.0407457998601268,-0.5516428723198848,0.7877754367685497,-0.19329800531895083,-1.1787461522530407,0.34309160791583726,0.12766551818180497,-0.4292635465214201,-0.11443903953196738,-1.1732388888710046,-0.24127931607217673,0.7607102602295425,-1.5654741547176494,-0.38011067471965515,-0.041226038642724935,-0.07798400547622573,0.17365117496097557,0.3692918639253742,-0.34119425191784203,-0.7830513370421175,1.006064258671903,-1.4453261994006823,0.09469405099263044,0.32771207642550043,-1.8992627128185737,0.13738406352430504,0.7753099513011394,-1.3737269680992512,0.00014380193832662456,0.8555195768559976,-0.9007231448442555,0.08266559166357687,1.2012870741714006,-0.6031849335226884,0.5780858700896344,0.606262984569251,-0.7424399817859793,0.811262608575906,0.2686945630419707,-0.833965428615005,1.1688313779371657,0.46392680918197343,-0.18485477608227738,0.9873767759123272,0.47926218334681236
-1.0337367562047397,-0.5860275947859308,-0.3779974722229515,-1.0389530545096266,-0.5452272569863158,0.7788526297094012,-0.19224341460519567,-1.1664302500372363,0.34843551011852364,0.12812258707287066,-0.42763620924726825,-0.12814279076341742,-1.1750818965321592,-0.24302421013120937,0.7651798561418763,-1.5612238469237147,-0.3800886238318232,-0.04062501218486593,-0.09734625391987085,0.1719441516268051,0.36459787249241804,-0.3366120111028737,-0.77594495803658,0.991125008801985,-1.4487777396717887,0.09399081941229273,0.33340795671276274,-1.8993460109022213,0.1346577598094147,0.7696250856627521,-1.3661114731515938,-0.0008109710363949267,0.8497463415185974,-0.8923270622236082,0.08000251307045664,1.194125506440358,-0.6034121304900943,0.5780211185777527,0.6096289179891724,-0.7445391086686997,0.8159602436807311,0.2726528113909059,-0.8458093119306708,1.1708448264211044,0.46918304393512905,-0.18693692318563435,0.9843628994907575,0.4880886475837824
-1.025938604937662,-0.5864501696456009,-0.3653384630516188,-1.032336741343497,-0.5516146909461671,0.7891135828267671,-0.18729430481398382,-1.1533205576061314,0.3412736960307344,0.12841973698078818,-0.41041844860755805,-0.13068038000945126,-1.1635493468032547,-0.24588997709809624,0.7798890164335087,-1.5518520246371645,-0.3793306166566598,-0.0324352868896573,-0.09746003336241071,0.1568574757735258,0.3792294231199702,-0.32966542325735004,-0.7652120571647724,0.9661993475248029,-1.435974221859148,0.09478048560670475,0.36425353086462237,-1.8815394058933548,0.13985693861400764,0.7864233102398109,-1.3677178376994588,0.008334975819101125,0.8519158457860256,-0.8828932168518828,0.08090040008757034,1.1815979720381506,-0.5959937568801075,0.5866552217477718,0.6227679583891259,-0.7293293637912026,0.8210753837350989,0.2707002806601986,-0.817206074661828,1.1528244921300486,0.4581052982916661,-0.18306146923816224,0.9729365483351458,0.4669911805202422
-1.0194147532145759,-0.5942066631909098,-0.3680900831986914,-1.0347329002300663,-0.551468023067438,0.7918684995274595,-0.19399038496400559,-1.151176588473643,0.34405469508781183,0.1236591528203514,-0.41564312045589674,-0.11978959887417932,-1.1682501334948623,-0.2488711250223946,0.7725624826006032,-1.549255468738712,-0.37713784818554463,-0.029700851870161964,-0.10516760815196567,0.16072384724426544,0.38219397171045116,-0.3285166638391472,-0.7725648825852593,0.9632141071191289,-1.4413294200750968,0.09383847115508039,0.3568721530322127,-1.8757678643828428,0.1369122591818631,0.7854905370626961,-1.3560942706741528,0.004017987354229879,0.8521138685297229,-0.8643104468832903,0.08338708451774694,1.179421091704164,-0.6005100192159638,0.5879778390535377,0.6211829685591644,-0.7250579196987773,0.8162689203494913,0.27534333909628467,-0.8113397769015285,1.150080582005325,0.4567667490788252,-0.17509412653528808,0.9682746261377699,0.46822809073356825
-1.0362062426983627,-0.6009532231288254,-0.38147109278012353,-1.0341055826720533,-0.5481229697347729,0.7902214114241831,-0.19437039892350608,-1.1511404056929506,0.335725040287594,0.1281533720588474,-0.4155821989705595,-0.12874065795079434,-1.1772756587814426,-0.2489558072336254,0.7820093715053331,-1.5530417050874972,-0.373721073374443,-0.03445999521174274,-0.09570907598451163,0.16113036734548908,0.3764260038187287,-0.3319063399668589,-0.774547833615566,0.9677379978010636,-1.4397986810968362,0.09549453671789221,0.35157843076487477,-1.87699142253515,0.13392960558200165,0.7855190039463618,-1.3588338221141807,0.0073148961202324165,0.8464308338115532,-0.8708765698206311,0.07609740154312347,1.1739753115656388,-0.6064785790920102,0.5848157567522946,0.6265326256161932,-0.7242597467586107,0.8131627427986277,0.2668977021800676,-0.8081757194946695,1.1351661105332254,0.4533056787085138,-0.18283736040496393,0.9540671536072609,0.4510277591808912
-1.0420047667605044,-0.5890788752186463,-0.3729091008852885,-1.049577697103789,-0.5459256299226424,0.7985351615508864,-0.1961979753750523,-1.1643606194560683,0.34206192179475553,0.12235935424996118,-0.42086141768221996,-0.12149014024576993,-1.1728575650361717,-0.2402966004584025,0.7896988926263347,-1.5524930314054246,-0.36423002578079255,-0.01746558220483721,-0.09603311346196115,0.1633257677362089,0.37487938723938197,-0.3274293925832356,-0.7881699439563443,0.9647295083390435,-1.4329548122906073,0.09805363024366226,0.35478833940874105,-1.8713000316124648,0.1356033674432137,0.7813480294977839,-1.3489964243759291,0.007075039334744928,0.8462270632243925,-0.8636148595690669,0.0737113285404899,1.1734209883221036,-0.5982526058257096,0.5936847937753528,0.6283405394180774,-0.7276922473584352,0.8088387306583981,0.2714556204355881,-0.8017778563696719,1.1331171587151312,0.45994895645940287,-0.17803925631588463,0.937439297562568,0.4438320602376977
-1.0408849930868418,-0.5825105821795339,-0.3664572377950251,-1.048199065784425,-0.5392876404275599,0.794093599474191,-0.19651148622484566,-1.1575066450640472,0.34087448563892125,0.12667928924922778,-0.4156290974272099,-0.12944727645387652,-1.170740268488141,-0.23941689756173604,0.7799717547022064,-1.5476573285050148,-0.3694435710439676,-0.030030878567482766,-0.10070781659462497,0.16240371954209132,0.37406965368330874,-0.3307786071923051,-0.7799924115776506,0.967171407835113,-1.428058415680313,0.10034270496374846,0.34605302716743747,-1.8641380396082052,0.1372243282805304,0.7783514820224379,-1.35641133598,0.009343717198085511,0.8387551841836257,-0.8615711591403306,0.07163417743481253,1.1716517877668495,-0.6048633377746381,0.586273616098264,0.628351248830931,-0.7157526968973821,0.8126264048939406,0.26466175476557063,-0.7838603137405633,1.125075148566514,0.45392322365957005,-0.17790692853042092,0.934829807141783,0.4393430960013098
-1.043247609761439,-0.5732449887876062,-0.3655211481021503,-1.0523489201711156,-0.5430081221488229,0.7877777694753347,-0.201234599454984,-1.1651932129932772,0.33085123818463197,0.12777013022499722,-0.417296722592352,-0.12611725410674876,-1.1757401408332167,-0.2351150059883062,0.7717484749437818,-1.543476015311637,-0.35709729241496396,-0.02262208543822124,-0.0965392303771511,0.1664151354784101,0.3674524821967581,-0.3419544131123388,-0.7904223005250199,0.9758374966287455,-1.4210885712127626,0.10028111160226907,0.34098404408980637,-1.8712490523047198,0.13599785379885035,0.7725665182551239,-1.3485187825998677,0.0052085674967703175,0.8380237965481349,-0.8783135768345509,0.05790911086652174,1.1820528479835675,-0.5968473498823856,0.5782837657587814,0.6063686641026625,-0.718350354160284,0.8006519332791341,0.2626870846455316,-0.7989158690420267,1.121099422544754,0.4449308079170489,-0.17765626409355592,0.928056425656439,0.42985738732669293
-1.0499691802959001,-0.5666939922764115,-0.3689649122224598,-1.0534586421655119,-0.5361638236484654,0.7871940382446513,-0.1989617724560164,-1.1658802195054,0.32949353575058027,0.11935038389840325,-0.4192315662002449,-0.12256603026534567,-1.1686509070230904,-0.23049615981747376,0.7628138488377517,-1.5462410418849994,-0.36408769272703007,-0.03434760864382742,-0.09669338651865843,0.16759419574383122,0.3687201171905933,-0.33968036604373086,-0.7994423312803641,0.9772090307673633,-1.4264301308412468,0.09931173054739463,0.33354730515415176,-1.8698071443690059,0.1374850772860907,0.7726653907239187,-1.342901919418109,-0.0004286618589563352,0.8396674007735453,-0.8841511869853056,0.0621668202272322,1.1851758063122817,-0.5941591388437798,0.5769802471213252,0.6034915107699125,-0.713226111478314,0.7988234152181255,0.2634045825676463,-0.790047241056985,1.1196862878954092,0.44046827153381635,-0.17825515598393632,0.9367776415720765,0.4484553070170319
-1.0543175476495594,-0.5692706976549926,-0.3742857414274678,-1.0595676408615888,-0.5362772694823479,0.7841942354206515,-0.20372312111336985,-1.1574177286687206,0.3284442749467596,0.11781637220048508,-0.417553935468222,-0.1229436783413283,-1.1735803364106328,-0.22923284849307113,0.7560252923384115,-1.5549138099311717,-0.3664667587223173,-0.03946965604281105,-0.097034234838115,0.1696273220055605,0.36308529875089623,-0.339637769486169,-0.7992055335047457,0.9720532577224783,-1.4214650557332993,0.1017385286450101,0.3226356531714668,-1.8620484714744165,0.13769308404051372,0.7678985941518477,-1.349590469273388,0.0037286894025916374,0.8398140732155903,-0.8759358080616049,0.05259290434806826,1.1989194243742394,-0.5916262684819594,0.5756332882717734,0.6028660876998997,-0.7197547322647143,0.8037559984354753,0.25790853479133086,-0.7886782528335377,1.1153524156293215,0.4483236792866541,-0.1748736520237221,0.93729943150437,0.4458758828188633
-1.0648792086788115,-0.5629775848667251,-0.367815019170487,-1.0660835932507384,-0.5343289200691922,0.7882074469283494,-0.20222019247102355,-1.170695257540657,0.3326322747009116,0.12044250951887225,-0.4208986303050298,-0.11922997363158867,-1.1778561620242247,-0.22304290458079098,0.7680721076350269,-1.551308407399536,-0.3464117149197959,-0.01378579108934352,-0.09654321957213277,0.1663744576394944,0.3664312302419102,-0.33971336127970114,-0.7975206019271751,0.9795898689841585,-1.4166846714768202,0.10515828798060164,0.3296543559454669,-1.865094782485571,0.14203561775585,0.7710520081575769,-1.355332405087533,0.010650296715627516,0.8387379751391163,-0.8700377484418532,0.06131094524536614,1.18735638048782,-0.5854419247104587,0.590044970009788,0.6128591461973758,-0.7111650618179209,0.8092962188460903,0.26015954769019395,-0.7706164385928063,1.1131501909423422,0.4483847717187714,-0.16648055735005862,0.9263313663188353,0.43419006577028874
-1.068160990731636,-0.5596042532508598,-0.3630952228892635,-1.0618280918182796,-0.5325051089290437,0.7908688917670733,-0.2048137259346236,-1.1583064767383753,0.33179283919924557,0.11896701885253747,-0.42094570234813783,-0.11993161671695665,-1.1761541590739772,-0.2249177431410491,0.7705121893690136,-1.5492889548584918,-0.34635382838285944,-0.01300786413812317,-0.09930458222993604,0.16866658537661736,0.3646059659862809,-0.33412862539459626,-0.7983087364282317,0.9744566953336251,-1.4089414432100777,0.10899500181110655,0.3244196316796312,-1.853900579010656,0.14341192080227902,0.773480920968587,-1.3437768669928136,0.006412293857758639,0.8380345012827428,-0.8659200569788698,0.059053532994866625,1.1840458343938496,-0.5827529398885943,0.5887392784566595,0.6099745324971029,-0.7018803512759378,0.8011175327560051,0.2514406045554507,-0.7690678934272978,1.1118024540063842,0.4426190601096466,-0.17666963247735154,0.9201343055472517,0.4404208443243974
-1.0405471462200677,-0.5572709199622163,-0.35349499647844707,-1.0392465586055395,-0.5296250950267781,0.7820397710536666,-0.19945211766457668,-1.1592186283340467,0.3309079050620434,0.1221384863255108,-0.42085645901838387,-0.12000917571903051,-1.1530479005752625,-0.22386940270514746,0.7550231702562902,-1.5347691200480116,-0.34616369509352946,-0.009637267864798293,-0.10590805560209406,0.16456314403758124,0.3658384207412489,-0.3365049518547454,-0.7879396678552949,0.9871212240584778,-1.391032487140697,0.11197090761053403,0.3037585593621618,-1.840426490054215,0.14840122815861911,0.7622697702778657,-1.323262190654535,-0.002198991203650697,0.8386721299117295,-0.8606732998099204,0.06064393921640528,1.1854535386937697,-0.5749056024368951,0.5735736895702361,0.5850852466933004,-0.6913174870752431,0.7913403225472764,0.2395562494065248,-0.7729167192037756,1.1155085846687123,0.4458757603686071,-0.16851141108710457,0.9235351385660904,0.44191692992795417
-1.0198096203842109,-0.5614949935358234,-0.3443793228121332,-1.0290959878603367,-0.5367771341046407,0.7772309490423395,-0.19513690580090126,-1.1541857595646496,0.34051992365666905,0.12869816665477044,-0.4206817481656129,-0.12164733585914353,-1.1512131446217875,-0.2253947193420262,0.7541730474757163,-1.5311027482879884,-0.34828377361796053,-0.011031639350657773,-0.11740702747031513,0.16229653189116466,0.37798143196365147,-0.3309383480195923,-0.7807546734952415,0.9838953867876156,-1.386595450640243,0.11045195777413157,0.3072746792974274,-1.829310807703125,0.14549253983775237,0.7601266521334424,-1.3277262604592501,0.004393813487167829,0.8405431533977274,-0.8660240461494007,0.05559741452601075,1.1945675732565677,-0.5615647110875528,0.5614417082724762,0.5607406725829831,-0.6856987522607662,0.7879687114436741,0.2394122697727971,-0.7624018816393494,1.1007069189532148,0.4427670248826988,-0.16838278270880708,0.9375135242808234,0.44649230599233347
-1.0092760881672638,-0.5570009275136744,-0.3283039328208691,-1.0164758885296417,-0.5250173798899712,0.7735423249923745,-0.19438658217919155,-1.1516895546242423,0.35053972654115484,0.13423742889710183,-0.4274475612936309,-0.12685098436621503,-1.1547597073437994,-0.22037235921244622,0.7513370230258032,-1.5292008029631823,-0.34445630485811335,-0.011343607924885899,-0.12402202304332406,0.15927536896385383,0.3753317786615658,-0.33317496123718016,-0.7696711137275495,0.9811338617457667,-1.3961667344962851,0.11124450766964676,0.29074730767017043,-1.831765239105937,0.15152793281153085,0.7592864875250375,-1.3327741098780415,0.009710644279702587,0.8285948361946255,-0.8631942969489526,0.05871462239209944,1.1786440584139852,-0.5716543733558882,0.554122658929585,0.5514052985010912,-0.6914040641987407,0.7731438513117297,0.2328859167523276,-0.7607970972687914,1.0971173319292582,0.42729414653211184,-0.17141914257439209,0.9229486072991346,0.4335832557045389
-1.0144703389650465,-0.5530510681449553,-0.32946542120134054,-1.0342682158940766,-0.528186777287822,0.7768649561724283,-0.1976283469644836,-1.156373881685791,0.3523994958499588,0.13610924550826106,-0.43256918754131757,-0.12867826998216977,-1.149037196346827,-0.22926016912189132,0.7481873427047069,-1.5304747231986076,-0.34004034048465165,-0.006218069416276848,-0.12463757208490561,0.16245425999844276,0.3720291096518401,-0.3331435750228407,-0.771588910072662,0.9787438286970055,-1.390172141593702,0.11162704769052477,0.2869451583583862,-1.8409792011169925,0.15642436214140687,0.7508028132363378,-1.3336804705507843,0.009452427383501124,0.8179729298246167,-0.8724150515754284,0.06663672928104807,1.1704869784044662,-0.5715399550814728,0.5444886951698772,0.5265172416541554,-0.6773462681832118,0.7571145686335524,0.2207121814329465,-0.7599447008076524,1.0772570792877576,0.41465067208597334,-0.18438052007410588,0.9090739450771207,0.4243252410351434
-1.0072002957452664,-0.5561253552857026,-0.3303055890508376,-1.0278343232772187,-0.5183158834208234,0.768730087221579,-0.20111105649092675,-1.146833287903866,0.3454152028520727,0.1337515403173872,-0.43259750712328726,-0.12342749472372111,-1.1523579711607825,-0.22360221306448305,0.7398883709678331,-1.5218066907823096,-0.34258527149516677,-0.011255031625689367,-0.13008848618761187,0.16593164308429886,0.37021612895485845,-0.3388207430957855,-0.7686530553397994,0.9835218460498701,-1.392176536049613,0.11112811953046899,0.278110010724372,-1.838253358699666,0.1508327172836742,0.7418625240763176,-1.3475619425625531,0.014177386262905732,0.8145340688640637,-0.8821119307686951,0.0673847887360919,1.1742860760491183,-0.5611217175931839,0.5336131913846834,0.5085125435549149,-0.680018042274838,0.7466638685365538,0.21849323755020206,-0.7534668075203429,1.069616530495764,0.4132299173886249,-0.18786193481956195,0.903755784806328,0.4265546485832648
-1.0137810099349591,-0.5603541917151418,-0.34268405668426155,-1.034448770615155,-0.5181517241386621,0.7713112097863426,-0.20122914867376504,-1.1563310401018623,0.3461905356056778,0.13554795556436755,-0.42911569961557144,-0.12501884775574804,-1.1575144298779132,-0.22296205385204185,0.738566853317154,-1.5358629367196028,-0.3393169366460652,-0.0187724706853528,-0.13115005795782395,0.17115983017000322,0.363347172008452,-0.3421281715787629,-0.7849299816056833,0.9893791261365439,-1.4094894926608792,0.10799265534938546,0.26669724433827435,-1.841111140648021,0.14979667412378858,0.7317836685624839,-1.3482090556577828,0.009195996552503184,0.811095840954721,-0.8980147993540816,0.06644979908934179,1.1714480570536083,-0.5666758282495953,0.5305822593605757,0.5100277177020718,-0.6736197925470849,0.7432122007436545,0.20837600978146248,-0.767784401048336,1.0598277852048261,0.3952085699850992,-0.19749100304091385,0.8978330290424956,0.41955023438038674
-1.0170602055034499,-0.5566903782727484,-0.33989298184630884,-1.0307359329749404,-0.5215764847069073,0.7719744739985062,-0.2061833876183859,-1.1527662253144069,0.34748625930030147,0.12915440393638042,-0.42757773488538015,-0.12448199110743982,-1.1576490957006762,-0.22333565762231092,0.741847267355532,-1.5357482260929325,-0.3430931594572377,-0.017698532108558748,-0.11878682430052934,0.16931015872049038,0.35831381399684625,-0.348961420176656,-0.7848535940684238,0.9992480052897769,-1.415982777708147,0.10544621921717852,0.2743905428546111,-1.8458798806714911,0.14677418394359512,0.7323566489392771,-1.353435306677609,0.012015934536273318,0.8109959116548359,-0.9054287626398921,0.07077738281977536,1.1731356670081396,-0.563143681157411,0.5264728452583068,0.5049556429802569,-0.6794334602484674,0.7465415419524843,0.20178682028347117,-0.7577155399986745,1.0502070640600518,0.3902641195246322,-0.19542398990105644,0.8992248869692295,0.41015535555237664
-1.0199956695159258,-0.5510537466819803,-0.33381588578446053,-1.027087163364271,-0.5205348338167528,0.7583103125892008,-0.2050082258580644,-1.1517779159910417,0.3428436624920708,0.12159257155305774,-0.4242879918619879,-0.11622506283009931,-1.1607327384088924,-0.22519561041575814,0.7354674266069139,-1.527890452006741,-0.33776822742197343,-0.021806555961653526,-0.12829968845903902,0.16862124580119978,0.3569526041648796,-0.340928820313281,-0.7734321533161748,0.9731983517423242,-1.4112342768566883,0.10758595462305318,0.2700844096772411,-1.8432604483934134,0.1469792545111177,0.7278106039086835,-1.3636122500572003,0.01707649147987368,0.8031315175768253,-0.8981038425903024,0.06805764731665481,1.161631176356066,-0.577106060354013,0.5287611251900934,0.5173299589854594,-0.690649236221476,0.7396515425439496,0.20875329041088028,-0.7697472044361646,1.0535460177666818,0.39727940765523523,-0.20027379416698107,0.8841382591785231,0.4009235661741072
-1.0092471347832928,-0.5329740589099206,-0.32355180046711374,-1.025628897038139,-0.513935356732594,0.7528012506280103,-0.20575176572019946,-1.1282864943348543,0.3288073938106446,0.11835118535515525,-0.41576361867679923,-0.11599232819858099,-1.1553651648039192,-0.2170616701478143,0.7239218715712988,-1.5179056198406535,-0.34718070175953736,-0.03695887074178211,-0.12063073755223307,0.1658801081092148,0.35214076167649,-0.3487383019786389,-0.783817150665583,0.9761472019863409,-1.4133814861711065,0.10196017988083667,0.2730773942136038,-1.8391721540828068,0.1385821227951884,0.7144015231662033,-1.3466281811428977,0.00889923423102388,0.8001813854999051,-0.8993634574328927,0.06804245773005518,1.1583416877579302,-0.573327337289833,0.5247138943057882,0.5088422818517984,-0.6830611492789556,0.7377049082006685,0.20934412925197818,-0.76232445198257,1.057135099436736,0.39489837705039016,-0.1972665107514022,0.89400601521318,0.41226090404084503
-1.010399830623288,-0.5280760504988187,-0.32441725010196354,-1.0181718415031984,-0.5126919493718647,0.7437862324280884,-0.2118430422178792,-1.1294572439720933,0.31582287988046653,0.11556230221080872,-0.4141364462896993,-0.11856221618046482,-1.158665088677178,-0.22116643698783417,0.7242641503445776,-1.5179279623294877,-0.3447305973682804,-0.031956218996465155,-0.11841782117552657,0.16654214503704948,0.34346049795554806,-0.34641724782350775,-0.7886267810798597,0.9733358895155281,-1.410635049205392,0.10506420354756144,0.2703889794140806,-1.8365944138740922,0.1337381142135337,0.7220159271424402,-1.3348982906652471,0.0012142015410587714,0.807240412595688,-0.9022115389393395,0.06078349856159126,1.1628933859139692,-0.5703775598244339,0.5275552687309232,0.5150373275214124,-0.6879137869883915,0.7410435825224927,0.21486152013221316,-0.7718868864088941,1.0582118289185858,0.4034335106746295,-0.2003478653492056,0.8989503325281877,0.4105476719015442
-1.03040196556442,-0.531762948966211,-0.32933629897176236,-1.0349355953332724,-0.5171428783879843,0.7563761507164407,-0.207047423125781,-1.1256363419342201,0.29844244845929346,0.11428633193907112,-0.4089380545279595,-0.11020259680512981,-1.1590815224400222,-0.2206900205743249,0.7328536248001032,-1.5268915381713029,-0.34321038285758587,-0.03703095539718566,-0.11696285336770171,0.17172447173415784,0.3368329838132131,-0.34515909397415007,-0.7915493326851499,0.9610734073714169,-1.4145535293311688,0.10532361498022325,0.2808677682273567,-1.8468140246103488,0.13647266505201616,0.7281739811184618,-1.3310428893776887,-8.468971743519522e-05,0.805820752263183,-0.8952994612166245,0.05467733229481434,1.1638267044844681,-0.5807369490304243,0.5425070312895234,0.5453950237993511,-0.6965227098946924,0.75070415614869,0.22860982318485307,-0.7615923547276666,1.0618973524435014,0.4102556754024093,-0.19087564498543358,0.8983595778834913,0.4178684157530244
-1.0397553801097434,-0.529280615905726,-0.34042541345593136,-1.0370000358395604,-0.5190003656524318,0.75318653057969,-0.20887296605897177,-1.1314753180779222,0.29710657275123076,0.10953035070813603,-0.4039684631492616,-0.12096917599802469,-1.1697374652863708,-0.2220079107790072,0.7402016376119054,-1.5312280885563974,-0.3579078049768838,-0.0483132481904845,-0.11117324980679504,0.1658982180721389,0.3361039797908427,-0.3484362385892936,-0.7887518605182069,0.9497481831729757,-1.4282650316730099,0.09954502600510022,0.2973195941590864,-1.8482518269891994,0.1334337324622962,0.7291926161999627,-1.3411596721067858,0.002813857858022238,0.8062720927694401,-0.8859624261117327,0.057512436812544136,1.1522939517785056,-0.5868939247896414,0.5479380036448567,0.5522584662500902,-0.6988791568214618,0.7584338712354872,0.23198800305846307,-0.7740044352125518,1.064625341106344,0.4082652578945387,-0.19397210562583933,0.8897090505620692,0.40934391210223875
-1.0385121068279592,-0.5333708710540378,-0.3439842614836911,-1.039382018209354,-0.517015283929154,0.7584711889002561,-0.21157010673846505,-1.1238571990778676,0.29733686282526733,0.10584967796831568,-0.39541281296402,-0.11787742315391314,-1.166124682686099,-0.2235748402834331,0.7383458771261785,-1.5402231453493795,-0.35394582519609064,-0.04842715187177089,-0.11321760327485804,0.1637646457450425,0.33530522515187416,-0.3505512485686383,-0.7936233463756848,0.9407241949186095,-1.4298505702467212,0.0977276384766485,0.30475970868502267,-1.859312093184128,0.13171039836479886,0.7345950848247577,-1.3385078699908446,0.0015787520999189586,0.804547957162847,-0.8858243624721612,0.05557348307966404,1.1511013430973025,-0.6000756569419189,0.5514606799859723,0.5760536084039597,-0.7026990662796028,0.766236959192096,0.23221050455697756,-0.7659781826088226,1.0631371288048943,0.40682652968345806,-0.19209119848068068,0.8875138032387694,0.40242175106998046
-1.0309369844526886,-0.5345357632249427,-0.34186333702299776,-1.035144348442109,-0.5188743813806291,0.7560718601668287,-0.20905792088309577,-1.1171920375330215,0.2882425777282109,0.11006147785180809,-0.39527779220505016,-0.11421559272791607,-1.1728240652663489,-0.22385842045556092,0.7338238349125038,-1.5339551668892775,-0.3538746312681137,-0.04710472285472248,-0.10410371996802624,0.16645955136558732,0.33105521269117955,-0.3448954210466191,-0.79644469526962,0.9345673024440367,-1.4436186033359388,0.09706008392067882,0.2949422006713535,-1.8634770859559096,0.12339427834156824,0.7199764169419544,-1.3278227964566742,-0.0055137580427122995,0.8059818561713388,-0.8939926218814004,0.05435913379996607,1.1560993536283015,-0.5932050017279636,0.5462190319385224,0.558995760376549,-0.7018987780624233,0.7586181781080685,0.23343330809389704,-0.773559987340669,1.0647397535788135,0.40623948270152416,-0.19740248557884196,0.8785517919056307,0.4072862275586973
-1.0243000248678376,-0.5416409522965733,-0.33600694567698997,-1.0258130131070742,-0.5211861026158298,0.7448111310824058,-0.20800029524249047,-1.1118266600353564,0.28773093250026827,0.11017570529974131,-0.39017094340716896,-0.12577507787344488,-1.1641424165541607,-0.22632141236001144,0.7354828945805549,-1.539152078138928,-0.35580282091935267,-0.0474878553972655,-0.10134215000859909,0.1641202395003035,0.33185710399511975,-0.34158221440731706,-0.7822414562168462,0.9301521509984401,-1.4522268250745496,0.09250812028001353,0.3036283047146812,-1.865888884639749,0.12324037729895719,0.7235453245945678,-1.3299905202652085,-0.006669077971852549,0.8048153558088609,-0.8856356565254399,0.05743324454323698,1.150359760375172,-0.614865441464105,0.5509744468557746,0.5785545291482164,-0.7157320121390813,0.7654992240898904,0.23395389998883984,-0.7827472249711304,1.0717147857897404,0.4197951004069186,-0.19405151209157148,0.8924780259355841,0.4126580361215043
-1.0327499538834015,-0.5568920785650658,-0.3587915197758902,-1.0262303902795866,-0.5228092224019575,0.7467523292884559,-0.20379254389599386,-1.1094469294177671,0.2955981464999436,0.11147475328202011,-0.38660257145122695,-0.11333707283159473,-1.1694461874750897,-0.22934811063768484,0.7410614231470718,-1.5416270513391512,-0.361766353766922,-0.04910253786306952,-0.1008348491876309,0.16075407115805304,0.33212179562587024,-0.33813188351516643,-0.7860521093859467,0.9196693526321722,-1.4578769443823898,0.08953932046507912,0.31351939981308163,-1.8687015379178336,0.12454537602460636,0.7279235869077685,-1.3403134294517582,-0.0023169957286372934,0.8040380141795475,-0.8748658212488746,0.062148042962014954,1.1413883602077755,-0.6146527478917758,0.555102092302669,0.5886948468832821,-0.7202692898609605,0.7627319735579696,0.23386227846244256,-0.7816791507190557,1.068503312765618,0.41737708007990654,-0.19405151209157148,0.8924780259355841,0.4126580361215043
-1.0200719985318478,-0.5392241844206146,-0.3435016032711806,-1.0191839424185933,-0.5213497769659348,0.7422136446350912,-0.20537098476596782,-1.0940205131417156,0.2899446146456663,0.11098594650908442,-0.3832080488435158,-0.12078836817311812,-1.1604574107989003,-0.23097177469100366,0.7350489858813473,-1.5319470649734552,-0.3513619058463768,-0.04130385914333437,-0.10474391492273273,0.15565878330623456,0.33846323536292217,-0.33361447602076305,-0.7772440650294785,0.912204954902397,-1.4446692623110744,0.09283974873334587,0.30289353184180756,-1.8606022228747732,0.11745895746669092,0.7188913103011231,-1.3304374898590985,-0.004018170066619276,0.8050391365349451,-0.8798031707100393,0.06047569678195318,1.1380462864541165,-0.6087726377055996,0.5526411875374201,0.5751635805219284,-0.7108461021378477,0.7652133643936718,0.2345090148045836,-0.786293849699688,1.0696883992246213,0.41495994099093425,-0.19594535813379813,0.8931234019517673,0.4190776191981375
-0.9952480522412237,-0.5420999218303005,-0.33705295448111905,-0.9988973528431383,-0.5183782400228223,0.7350562682085274,-0.2018335583919274,-1.0849722188312967,0.2908419806635196,0.11689616485541024,-0.3899427504589011,-0.11768047628950232,-1.1548995033211265,-0.22396846051782482,0.7203649561258474,-1.517003506094475,-0.3513778411524629,-0.03996840444162486,-0.10677137715611264,0.15349325799454364,0.33662698693336496,-0.33144347259478524,-0.7703473781399051,0.9198888221939238,-1.430313239385423,0.09596518182856724,0.28657505564674557,-1.853615337008052,0.1174863001200718,0.7179585389433196,-1.3215990224944225,-0.007112852248052647,0.8069504717442598,-0.8800405585675152,0.05894771030753167,1.1498197559517485,-0.5867214314263365,0.542392329494027,0.541581324062225,-0.7061741250327584,0.7542828352334665,0.22581099079402228,-0.7772431056979426,1.0782617032642483,0.4239056895908362,-0.1864913318476946,0.9030324178659374,0.432207276025805
-0.9859551616080907,-0.5448055878580071,-0.3373746192163482,-0.99286865642496,-0.521895137892455,0.7340520124743012,-0.2007999608911889,-1.082338080116353,0.298272420732199,0.12191653959600683,-0.38119246573978127,-0.11967885519467586,-1.1423125320733942,-0.22727003938943607,0.7135149383389779,-1.5107181634806204,-0.3623048293211175,-0.051419119562546314,-0.11332052937585278,0.1508145276931474,0.34213381324041947,-0.32585123676453615,-0.7594735524880508,0.922926696984706,-1.4270827244860385,0.0980042334838006,0.2790106911311772,-1.8464857870752487,0.12218739384387832,0.71275835973597,-1.3277973237482237,-0.005340194495545668,0.804204907118849,-0.8759452721817794,0.058918682452039614,1.1577567187594249,-0.5845015847906402,0.5313113675663909,0.523680237564169,-0.6994679908781694,0.7539048754240093,0.22840572042817928,-0.7763487089555131,1.0784890750308405,0.41985870197186864,-0.1829566815090059,0.9085122655354176,0.42882177231601737
-0.9728174217318466,-0.5480674639258531,-0.32965819844242245,-0.9866636664353698,-0.5082849621170726,0.7323411318147485,-0.1953846732741369,-1.0723418105428322,0.3014824846469949,0.12454870078262238,-0.3828937756423362,-0.12664853413235497,-1.1443278423819196,-0.23442733516346745,0.726160796885116,-1.510247674755981,-0.3528379338793738,-0.03459318470471859,-0.1245182570375904,0.1484792920689928,0.347026216180965,-0.3211043452247613,-0.746276114837176,0.9050680901198348,-1.4310471991073372,0.09686478937283274,0.2791352807522583,-1.8414374001382408,0.12643518561618722,0.7180252659943288,-1.3287748847284235,0.001244221563844336,0.8052094534358327,-0.8662383703538608,0.06737357080394683,1.1450379353273668,-0.5833940293743678,0.5326395188436854,0.5323674824523885,-0.7103030621561573,0.7575731736740323,0.22907820860242228,-0.7725899832846727,1.0713103903367405,0.41925892429346345,-0.18414891239547448,0.9173147857642152,0.4233734106775001
-0.9728174217318466,-0.5480674639258531,-0.32965819844242245,-0.9866636664353698,-0.5082849621170726,0.7323411318147485,-0.1953846732741369,-1.0723418105428322,0.3014824846469949,0.12454870078262238,-0.3828937756423362,-0.12664853413235497,-1.1443278423819196,-0.23442733516346745,0.726160796885116,-1.510247674755981,-0.3528379338793738,-0.03459318470471859,-0.1245182570375904,0.1484792920689928,0.347026216180965,-0.3211043452247613,-0.746276114837176,0.9050680901198348,-1.4310471991073372,0.09686478937283274,0.2791352807522583,-1.8414374001382408,0.12643518561618722,0.7180252659943288,-1.3287748847284235,0.001244221563844336,0.8052094534358327,-0.8662383703538608,0.06737357080394683,1.1450379353273668,-0.5833940293743678,0.5326395188436854,0.5323674824523885,-0.7103030621561573,0.7575731736740323,0.22907820860242228,-0.7725899832846727,1.0713103903367405,0.41925892429346345,-0.18414891239547448,0.9173147857642152,0.4233734106775001
-0.9621091792749883,-0.5423446179558784,-0.3073029921079641,-0.9815636231108066,-0.5149943366429901,0.7363051919764761,-0.1952943026662054,-1.0722370684640496,0.3001768607533727,0.1283195837787796,-0.381093468875551,-0.13071759189591983,-1.1389940679488537,-0.23297442155394513,0.7218119470554983,-1.5046564570000776,-0.3425801069523135,-0.02853634300582969,-0.1379663448469222,0.1465947277054164,0.357754123831909,-0.32323143510197494,-0.7351969315638213,0.9012349387348892,-1.4300999985859801,0.09629700504881306,0.27997555134956015,-1.838075213004495,0.1283471753083256,0.7085674227357968,-1.33805414125478,0.010436677638970469,0.7957635704091205,-0.8727346500702569,0.08419646531906426,1.1225606612752201,-0.5870025273343829,0.5255585340288946,0.5227728503711523,-0.7139414449519882,0.7471750429993759,0.2301375125549574,-0.7792805593613835,1.0656358802393942,0.40888576710912244,-0.19271314947456658,0.9051915121602324,0.42629428321953833
-0.9590616573214771,-0.5475856623795219,-0.3147294558760891,-0.9841149901636649,-0.5184177456671135,0.7361267634831112,-0.19629962628393516,-1.070917248689535,0.3091711275672948,0.12695235947536807,-0.37768447124270965,-0.13223842257740923,-1.1302550404646323,-0.22711048954798613,0.7149201477452017,-1.4969314095223891,-0.344581932976208,-0.028361405942257195,-0.1405186659344156,0.14748847920898947,0.3474654910243115,-0.3242416856066577,-0.7254893371758019,0.8964682493590903,-1.4249691571069851,0.09719436506872448,0.27407528882810633,-1.8355968615515799,0.13044514226280968,0.6950369120494903,-1.3492385580966988,0.014370230136615245,0.7861373129933528,-0.8791363559565675,0.09020060187063927,1.1187290282490199,-0.5864043898834929,0.5186145212095271,0.5123923257322137,-0.7028671427169783,0.7358538984123616,0.21744444541632119,-0.7727967987570454,1.0562356070235797,0.4088108907906694,-0.19750500145262692,0.8962868488684168,0.4190499050760117
-0.9551396887720436,-0.5474942529548057,-0.31021459786194266,-0.9785293598527276,-0.5081652312996904,0.7360361742913223,-0.19743570475219288,-1.0691984871596234,0.3059034883620479,0.12174051724131428,-0.36910094635386725,-0.1187563113746934,-1.1318343485910034,-0.22980777201348507,0.7140728990404911,-1.489565414859497,-0.3402703023223157,-0.023348230692163907,-0.15040196478623957,0.1503421052331742,0.34786645760328083,-0.3242826851313434,-0.7157863680968373,0.9048100343771054,-1.4208659246105841,0.10031938908644877,0.2600673242864285,-1.8252872171180647,0.13510290846875,0.6911818165363095,-1.3531337640096868,0.0226638195276666,0.7711194291097484,-0.8753822832960307,0.09122235802525006,1.096723655279616,-0.578946391621467,0.5064291978874257,0.484116721780418,-0.6912547578056665,0.7199189696503983,0.197776573704364,-0.7679783421649115,1.0354652733214236,0.38040487174179216,-0.2084730871991027,0.8852336916207781,0.40206889788283623
-0.9479906837767391,-0.5516713526691891,-0.30474665896333397,-0.9718678200913065,-0.5047101735944299,0.7375159300725316,-0.19805126251934566,-1.0724028943165138,0.3203905537254769,0.11683254341719394,-0.38131010066908744,-0.11748897088480026,-1.1286419494243016,-0.23091630051785203,0.7207847624113389,-1.4884284346969354,-0.3299223973885772,-0.016844686121533867,-0.16738974785512617,0.15354021416520866,0.3443266710290734,-0.3266020726676286,-0.7169921105303896,0.9068448341523202,-1.4230706734761578,0.09954602648538075,0.25674309259936706,-1.8205917098426314,0.14083386649960478,0.6971986089626857,-1.3555284073236418,0.02323481983280088,0.7660533910617806,-0.881813203243687,0.0953323651204273,1.0926382535497052,-0.5783802671215877,0.49798673900916207,0.4808020601482944,-0.6877750894277554,0.7060636432640729,0.1942180210844376,-0.757361601555499,1.011540741809758,0.37212372190627657,-0.2148686740046667,0.8704096648945754,0.3906713057701295
-0.9543338419504567,-0.5547366935828861,-0.30946308223425195,-0.9758267026984725,-0.501176522297602,0.7391588741796478,-0.19344408464067223,-1.0697839255408763,0.32427740486655104,0.1339309349853154,-0.37919061090921846,-0.12591724451592343,-1.1286034191385175,-0.22916395490913377,0.7184333962602317,-1.480887244117703,-0.31717815420400264,-0.005180194638170117,-0.16398022701723772,0.14940487139137495,0.35271336427863326,-0.3289812760577941,-0.7163951007772106,0.913866164473157,-1.4195058184921185,0.10183662144020394,0.2592603360684018,-1.8196247374397412,0.13949502588257048,0.693533575910384,-1.3698799860487194,0.03552420620672356,0.7677979911689548,-0.8857321333937759,0.10680729154271948,1.0860029938289468,-0.5728227218710328,0.4954382597284087,0.4700116844687777,-0.6694291363983419,0.7019645104996302,0.18533920773216467,-0.7481342378600898,1.0139811448266598,0.3618976874031883,-0.21639615983051544,0.8661765608573023,0.38584019352788546
-0.9658133058153404,-0.5534487639152205,-0.3048049130428428,-0.9880957551106105,-0.5057514734594399,0.7495630689301402,-0.19334395562204068,-1.0859466542801377,0.3333649585220984,0.12928674513330274,-0.3724102096366619,-0.1267417603113603,-1.1344003818824906,-0.23351563716445445,0.7350018327555335,-1.4860538078011631,-0.31908709131511853,-0.005419562445411914,-0.177233531977401,0.1477278472779938,0.3654784842470525,-0.32645326274764286,-0.7006251472824723,0.9019215383611864,-1.417303625290631,0.10261250669435135,0.2625888699657857,-1.8210653705626327,0.14967305816544382,0.7012318822965241,-1.388916008112436,0.047511163824489375,0.7606509688832683,-0.8712663183944938,0.12626568694158094,1.0689943671712017,-0.576992502366125,0.5064618099235957,0.4855034439008593,-0.6709378192725006,0.7081647213230441,0.19439420339580624,-0.7372391705995869,1.0052826058536934,0.3629694331086189,-0.215027521886618,0.8639225618547566,0.3910189577013613
-0.9622549478799879,-0.5556201056025308,-0.3016641258107207,-0.9929876126495645,-0.5035730298496869,0.7587239904914082,-0.19192861841444075,-1.0715744167399752,0.33587601601855477,0.12448430787295783,-0.3742587607718794,-0.12639710991582787,-1.1319564858816307,-0.22020291341192838,0.744493186952828,-1.4872443610952777,-0.30744714134737805,0.013605514400962526,-0.1982647463965087,0.14952055507221962,0.3700290069817897,-0.32287784349085535,-0.6907694914367939,0.8984379133432623,-1.4164753024882384,0.10326603306336186,0.2782577525836972,-1.8185938931355528,0.1568486320493632,0.708751892929598,-1.3923262096883342,0.05727035786565048,0.7584068248306904,-0.8675878298368338,0.13718703724381143,1.0602944649569395,-0.5780260467256066,0.5148015152981185,0.49654025962734094,-0.6752972591850694,0.7144790805193229,0.1970575097436515,-0.7368798990756832,1.0076768735891346,0.3706393872584512,-0.21616059569738716,0.8638935051577529,0.37905397323650397
-0.9825575382407978,-0.5608826138635327,-0.2995303808005137,-0.998708264754171,-0.5028025110986257,0.7742777902969876,-0.18934014784445538,-1.0745693069186393,0.3372015206774512,0.12474868299416432,-0.3621666178399168,-0.12837673501327443,-1.1467675119934477,-0.2247006455479392,0.7693510123440072,-1.4918898187261496,-0.29132175665597726,0.03816432384328158,-0.21753785821602153,0.1526284976967034,0.39271054319725607,-0.31066321412999076,-0.6528097673920681,0.8870662236183027,-1.4042084238271095,0.11671858468259175,0.2719288651036498,-1.8244835751878288,0.17691287488312465,0.7306645718986526,-1.4340959588722266,0.08218711407961521,0.7632056932408372,-0.8498651436623865,0.1676828863233259,1.03698888143514,-0.5978072649324451,0.5419099282154705,0.551995925148862,-0.6774670957657043,0.7298268199216904,0.21122797926326645,-0.7451737956351314,1.023963472343517,0.3854780697803382,-0.21427575889617467,0.879734074569507,0.38154507208747845
-1.020168721520172,-0.5882766664043462,-0.3214913099412198,-1.0214424170903356,-0.5162173813515467,0.8133764267740077,-0.1759184908388743,-1.0770075721333874,0.38508228900576963,0.14627694356774265,-0.347833539252194,-0.13457531214485438,-1.1661004764229603,-0.2140037076114832,0.8040163522045234,-1.5242468452583389,-0.2760096540006529,0.07035738661041553,-0.26619488894744653,0.15961477073488048,0.45556611565802735,-0.2856439824827601,-0.5831363877744196,0.8899189396093724,-1.407581137120568,0.13027770746504222,0.2615857428337933,-1.8515619302890325,0.2177587883565915,0.7894449176965791,-1.5294053106717553,0.13616988180353667,0.7887209567424834,-0.824763948451836,0.24548036315064248,1.0241738632743433,-0.6138578175125942,0.5929951583287222,0.6385546554353502,-0.6919481340467042,0.7929233360687103,0.24822525398328685,-0.7422990616830163,1.0928316174603552,0.415598990141754,-0.19296471209133978,0.9424967486585779,0.4144293822869718
-1.0258849066472702,-0.5988496872280429,-0.3389458097442504,-1.034885987001011,-0.523846023418285,0.8310581301780333,-0.17101692082556538,-1.0972389929516757,0.4172537574162088,0.1584704874627442,-0.36132034260141394,-0.13152451438871682,-1.1854699779581785,-0.21000637527051172,0.809157858710359,-1.5707445180299624,-0.28924677291940537,0.06820929998826919,-0.27646430505948133,0.18199052602033255,0.47845407391448214,-0.2773509297303414,-0.5461558822471965,0.9389749591878747,-1.4273981706363905,0.133414249532558,0.22484735241298814,-1.9051667110543957,0.23688929701144743,0.8257883547174479,-1.6122145241912542,0.15456793074828373,0.8235295342239657,-0.8391282859173955,0.29850331637057315,1.0492902135248094,-0.6284468935797827,0.6078864539047977,0.6644809529124351,-0.7349993974227049,0.8487873574329058,0.29003154608296533,-0.7909182179765286,1.1762778087444523,0.4734593663306489,-0.18334858283478828,1.0342971240016785,0.47218458232328764
-0.8807161374359982,-0.691877551391333,-0.3989910379635952,-1.026596541894232,-0.6504132130911664,0.8937886156690886,-0.14476856199184715,-1.2151868156159145,0.550590904375252,0.24241422592285336,-0.39679897750624804,-0.14872733536608768,-1.2378176544810837,-0.2341543045411191,0.7305230196084385,-1.8302690369891286,-0.44655625462850274,-0.08819625517093901,-0.18734068403198428,0.3322677341750303,0.5174287753676377,-0.2916917157335502,-0.45372264149562674,1.2972426705244675,-1.5889458289735128,0.11940905318009122,-0.03193304825402925,-2.3395894168430043,0.261724652024116,0.9502105469745579,-2.03157894566045,0.14692558348843254,1.0284405240750958,-1.1423001770158938,0.5154873615580486,1.2627658915747968,-0.739988352192733,0.6106538526243668,0.6899722911964901,-1.10184712633528,1.1163952232718348,0.5269611186359798,-1.402839481643541,1.8801155808515642,0.886951351548635,-0.1562949571459479,1.7933646830439196,1.0163748947440214
-0.7747763910709066,-0.7097071659786586,-0.36756053611784306,-0.9930922780335354,-0.6886274592679495,0.8783883047711868,-0.1343978259839038,-1.2463875575606294,0.5688489621232442,0.26616618037453194,-0.4216992276520492,-0.15316364012568412,-1.2364576743199538,-0.252331071122497,0.6767947917160948,-1.9371210361427829,-0.5290967573738609,-0.1958524054679371,-0.06519823900914916,0.42670564830245417,0.4745024773757985,-0.32876600794585775,-0.4525408467474974,1.4668236665400656,-1.666106388288195,0.10630434372755242,-0.14848188759406006,-2.5559380799147062,0.2439536603552408,0.960089167733474,-2.2055813615201294,0.1076213631592638,1.1016056201425015,-1.3786635123243993,0.596801565197175,1.3329041179949366,-0.7736625676030228,0.5885475028728672,0.6566709771164913,-1.3380989930867642,1.2446800650020249,0.6649625126298032,-1.891993915539421,2.3392627286055854,1.122386729817161,-0.18703448417144328,2.279467068249005,1.4355980055451554
-0.5641841358821378,-0.7356989522964708,-0.2722127800953064,-0.8830755106319902,-0.7688876134584859,0.8288050316016927,-0.11298305370385966,-1.279977646410527,0.5767635839146508,0.3092081785497933,-0.46118630629218077,-0.17572408534429093,-1.200853291662657,-0.29436149924410854,0.5759640744206033,-2.1231756097094197,-0.726786022122024,-0.4681225013403605,0.39864365248182504,0.6779928698854423,0.3112304261564205,-0.4238316378302113,-0.4977392396480053,1.814203031157021,-1.8038056200295476,0.08086025733091523,-0.3303494110201515,-3.0076448048883977,0.17567043824910478,0.8921754614914322,-2.3393057677753357,-0.04185669924653936,1.2020506118127925,-2.0556063621745384,0.7672826517404396,1.3144829228408086,-0.8090058383925118,0.5036958953768218,0.4936645910220376,-1.9328055889186666,1.4642996212976018,0.929702218459747,-3.519514372841764,3.608482981084443,1.6811828083873206,-0.3652241342206572,3.440730884765679,2.7063423783912373
-0.3899256569215996,-0.7422933087161455,-0.14781384281156656,-0.7424633764115488,-0.7990619818854492,0.755219351741718,-0.09466184467012653,-1.2559232998042664,0.5721760988163384,0.34171297104022996,-0.49034338142222383,-0.17076045317747365,-1.1313902545650216,-0.34211068105340053,0.5062328169697186,-2.2260740294822643,-0.8759686420744416,-0.6936697073699059,1.0113232490447246,1.0209848192310709,0.045579093394643735,-0.5610255997274441,-0.5182703651146674,2.1456616533517865,-1.914889095632663,0.05561486539237493,-0.41948929529346557,-3.405727316532115,0.10024485643605466,0.6667394330829489,-2.145360603039475,-0.2351572363022826,1.1754709458654369,-3.106422420631911,1.0710064062846774,0.6914933950246138,-0.7458532304715856,0.4122950311790706,0.2884905078641265,-2.496927925840653,1.5577281778550554,1.064363743321438,-6.197866369190787,5.358028045220798,2.1892999949137133,-0.9131122003636591,4.606509106938245,4.591310730465634
-0.32157033161963905,-0.7937006956734985,-0.08008218472653564,-0.6772250661232615,-0.8205031103312942,0.750972707849598,-0.07566639751236863,-1.2617252175232818,0.6215034581699616,0.373351785655434,-0.5363270982706579,-0.1836037596232252,-1.1194858368854363,-0.38873672110199553,0.5168445360341948,-2.2785036722363774,-0.960271525609844,-0.8068805866839681,1.3566997111188002,1.2070533483728412,-0.07691272793208404,-0.6452574856058887,-0.5098776419153377,2.3100935733222663,-2.021196357777744,0.03907987101071466,-0.44947649580903826,-3.6193246044952243,0.06779887509462042,0.5542189909245353,-1.9740435234756182,-0.32669702517805155,1.094971868398536,-3.7524597063129836,1.3078359649439206,-0.029404928530267105,-0.7176759542218052,0.37529074332173934,0.20828241861439056,-2.6984661372932286,1.5661174522438146,1.0695667570304197,-7.823123450737298,6.320252673169609,2.3386095940628686,-1.3669106109558764,4.985362541698397,5.572414286805898
-0.20296170351204298,-0.9281165803906052,0.05777823091804373,-0.5186859279793578,-0.9002221147838778,0.7756490572544472,-0.03933468398640007,-1.2858612609499243,0.7720337063565978,0.46653829369271976,-0.6353963945511082,-0.20963614979423917,-1.1362189103472398,-0.5302259025446543,0.5717611214890858,-2.4226795289628087,-1.1160622573646,-1.007164552331446,1.823170796880935,1.501520037935364,-0.2050584713145096,-0.8598469655773242,-0.2301891045416678,2.478771601108791,-2.3106749282893775,0.010204906282091268,-0.3853786336344734,-4.028448971019772,-0.00030051758696072453,0.3089804598388125,-2.044250791961731,-0.40959990851656203,0.7777548833412777,-4.912753821515775,2.131337707121767,-2.819960107933924,-0.6439218565735535,0.3121082638119031,0.07161266724416483,-2.977225507543526,1.5711086114456028,1.0584609476133147,-11.18647407689387,8.200721772695548,2.401892016763538,-2.5507489647083803,5.119399528927962,7.077826936733674
-0.12753703833759394,-1.0355317856715487,0.17705090833434334,-0.40949722908446967,-0.9621778020213333,0.8074687795454633,-0.016036894282498958,-1.273717535145334,0.884034996708326,0.5129289433746365,-0.680703394277308,-0.2226810409781852,-1.1367189244297145,-0.6375095042654136,0.6310363376626341,-2.479600478450927,-1.1956634468212175,-1.085704843457194,1.932794511787207,1.5795613654803236,-0.1877111670569671,-0.9795155855903546,0.06604686699090202,2.4404590891350013,-2.4658996623605742,0.00785788046656275,-0.32198673298229274,-4.239219722846852,-0.03809258397533912,0.18905061701805545,-2.362418428392338,-0.4073549128567658,0.5794074934901514,-5.314714471410144,2.6920040370510634,-4.826175076770539,-0.623291167280849,0.2935603146714519,0.03368031621921348,-3.089105100752027,1.5842360854321227,1.0627555381870017,-12.881509877560926,9.141292857574207,2.397530246629749,-3.216535165002609,4.951890968751392,7.622979620928077
0.010956410752631008,-1.1778724503861626,0.4087851986805897,-0.09626923080294364,-1.0710748054138843,0.7955911078377355,0.02035502667886939,-1.2143858193353172,1.102889247554089,0.6054372379362696,-0.7443223003262195,-0.294748242301906,-1.1317458302395562,-0.8748567153873029,0.7097600924642984,-2.5678119578511063,-1.3898072908800947,-1.261536427587056,1.9239842767477153,1.5529604603683058,-0.03535721602734215,-1.1310846188321522,0.6608265839614125,2.308497130609154,-2.640314846240097,0.011992855073381874,-0.20147090773740076,-4.597362846474471,-0.14870438153152918,-0.13313767240023827,-2.8093832199145656,-0.4315033186423418,0.18655385521010223,-5.727312621070018,3.8315580559976383,-9.073127655840663,-0.5667649213123538,0.25894877475473765,-0.02548390988083606,-3.235059579826458,1.5870986915577605,1.030692066120582,-16.562124277786516,11.218146599877928,2.4328946705987455,-4.572477297914914,4.260429031943253,8.413052472546983
-0.15383524725831654,-0.9519019189820719,0.021571314437240034,-0.10751299648567986,-1.0279298508390593,0.6806729395905688,0.013895965071259706,-1.2350282956449834,0.9637029621465146,0.5704552822190784,-0.803200522102925,-0.32393948126215805,-1.1026415314556648,-0.8085047657182864,0.49375630855951214,-2.6552498816334626,-1.4597177994829376,-1.507121641141727,2.7638612591615814,2.099908010183012,-0.4580792137871632,-1.5616302079006152,0.7460920975065082,2.3309113472108836,-2.2354601610238616,0.002689087808977875,-0.5098248112846144,-4.66652182335532,-0.2254394068287621,-0.5204394567188095,-1.562574745559953,-0.6865347729289878,-0.40822955314828635,-6.998028040203749,4.836132546735896,-14.596539118202235,-0.49658387498996703,0.2547045407814354,-0.0411708778015082,-3.44920789488362,1.6630873059373146,1.0934900937966672,-22.584531917145448,14.759092855133707,2.774324736869922,-6.193169565436064,2.9155646228836853,10.168313521136788
-0.17547157381092338,-0.7727894762068958,-0.050687812306041316,-0.1170102087038532,-0.933427130592151,0.5629350529180994,0.030906696053974305,-1.1462160927760574,0.77801783926202,0.4430072590834452,-0.7156409024510173,-0.25438850266875584,-1.0175418047166935,-0.7296494605151389,0.37014893477059174,-2.529019581045773,-1.3307406410887364,-1.3923753273425785,2.7008887764222385,2.1937297424442903,-0.5885308928520585,-1.8233932580742318,0.791150306176292,2.269420053964519,-1.9433761639187404,0.017017274719632616,-0.5954845708029749,-4.515002297494433,-0.17375824049311223,-0.5208291060293048,-1.98462185894686,-0.6747655394714528,-0.7235276396573876,-7.418167530585206,5.420666281790239,-17.614844346433678,-0.4548337468154511,0.2531002844159511,-0.0466282998378533,-3.479463013745822,1.6877434919988197,1.1180003124992408,-25.176611090777673,16.354281057962147,3.014397395678768,-6.788578305587243,2.3149206705950096,10.945791772628827
-0.2051482214856993,-0.4988918510216653,-0.12273058486509203,-0.1795469161274125,-0.7369595944445267,0.38133715206055785,0.005014337546200614,-0.9748462999403527,0.3852085294364016,0.17263712336719073,-0.5689964903851802,-0.18990505986276573,-0.8916678346283026,-0.5732975666130377,0.21496933353634468,-2.198149309070785,-1.104357440940752,-1.1647268798606683,2.834999341046386,2.3641445669972136,-0.9630611448871139,-1.872704692658127,-0.6469001022410976,3.355221020448651,-1.503761253732631,0.06790884565281906,-0.6430665193382393,-4.135989886213802,-0.1413439869442716,-0.6302064655676006,-0.010167625546215107,-0.9115236582670748,-1.211312391684774,-9.809303682853695,5.872057038638797,-22.608323229224357,-0.39423095272922687,0.24163025268189703,-0.05919052653469986,-3.4179197740979776,1.6744552020602854,1.0521401445826144,-31.702681301011044,20.11997787304221,3.319581215886115,-8.317830653630894,-0.019324382847608533,12.619149345765006
-0.2232536811829481,-0.45904340105552605,-0.13214007779724615,-0.26744588844947226,-0.6703128662725265,0.35385529810250704,-0.06324939896414503,-0.9778698852981959,0.24611720281317878,0.12480269668930911,-0.5911635031674519,-0.1697250651813864,-0.9112463437740105,-0.5153715746729802,0.18864292488176357,-2.1710056449329396,-1.0708099455622488,-1.170714760685206,3.1814744126530736,2.5967536445874275,-1.2484534984096696,-1.6759628227024748,-1.454450175371188,4.088636356714216,-1.4046807981216967,0.0891447249744755,-0.6488082366582221,-4.072629384919515,-0.14148017446138775,-0.6862983478605953,1.9243607547060686,-1.1035723620479398,-1.4012293628842394,-10.579229455836472,5.604943719893709,-22.067065432923123,-0.3664350148856449,0.23167771317667435,-0.07084914525645238,-3.500650881060921,1.6935508359283287,1.074805442148445,-35.79336703783261,22.339413492936973,3.330417704842032,-9.340198668205563,-1.7009948980835092,12.508530338375376
-0.24122554448204309,-0.4207286663850558,-0.1375809393813865,-0.2728654814052955,-0.6512719862420528,0.33183766374788415,-0.0745557751555979,-0.9613889882882178,0.20373178085285595,0.10629562555232021,-0.5970441376728313,-0.17074083853957292,-0.910847750608878,-0.500163124071451,0.17368949729197194,-2.1398022002755104,-1.0343601255368633,-1.1397119968367844,3.19765807165806,2.595448870505895,-1.296237474776541,-1.5627698771765417,-1.8132812352281789,4.41670518355385,-1.3705691382373648,0.09822305967096533,-0.649638901587433,-3.980320868925254,-0.15780149528779788,-0.7168968880665473,2.756174401602882,-1.1750112964726327,-1.3804838066463772,-10.978945902217072,5.392171767841674,-21.426352659772178,-0.3526036269152696,0.2314803974186059,-0.06685128780194918,-3.5358349028917173,1.699986030877252,1.0866116301454463,-36.786598274947906,22.885252883596984,3.3701887359191285,-9.465707100545876,-2.042784023864444,12.625553631040594
-0.2494499353684793,-0.4285145585062023,-0.14530360174407264,-0.27706624337308494,-0.6378364028006961,0.33182421478307483,-0.06957125039270155,-0.9088933651462803,0.18462079129554157,0.08830209668942085,-0.5479953855905719,-0.1706477288688236,-0.9193691535560841,-0.4636481568658307,0.18142762018936356,-2.1461589963919434,-1.0362246130020798,-1.13921168632387,3.087851081168299,2.5331377735133147,-1.2385685199110001,-1.4196723184480964,-1.9620306363284112,4.515918063421554,-1.3326692319347258,0.12086465437933394,-0.6658605396880555,-4.033015787722751,-0.14450569378824119,-0.6677888551040201,3.0937249070249893,-1.2055563142795955,-1.2715510159517915,-10.796702576319717,5.185525373698394,-20.301249879463356,-0.33885327954407607,0.23402144089300356,-0.07206726764392928,-3.7097565429634862,1.784539257698573,1.2276205689411797,-38.100172002610286,23.768047289288674,3.674073234046164,-9.244855544776703,-1.9406564576623455,12.885695419810869
-0.2366442212794666,-0.4415523887637622,-0.1288840895487307,-0.2618866067592753,-0.6572474425067796,0.3464398218755716,-0.04638704951797115,-0.9038784174087193,0.20518099003088391,0.10301265290950931,-0.5150161932289727,-0.18790538305390153,-0.9392107945676151,-0.4823007256491351,0.19811049121179553,-2.209429002125538,-1.0736503587519037,-1.1774082725463848,2.9766178932888407,2.477179502428843,-1.1210115401315375,-1.4093039439016601,-1.6729385474331708,4.246889779608587,-1.3660668586369353,0.11766866959593571,-0.6603617725329176,-4.127907003234616,-0.1332004111403699,-0.6208398681804338,2.1235302105195086,-1.122709369268038,-1.2291282248345272,-10.054202521276947,5.313462941538813,-20.218625603248814,-0.34604752902597546,0.24102378226836638,-0.06633833112825058,-3.920609952736817,1.878045811265325,1.380785364649533,-38.22280207151596,24.000436781074793,3.915881623635493,-8.847544107629615,-1.2747014951425277,13.010707191793811
-0.22069917906944203,-0.4399692948946242,-0.12006545325388852,-0.22728090462013842,-0.6477289581446247,0.33383606291895473,-0.011759119445969598,-0.819178554822837,0.188182965159137,0.11179251406335464,-0.41647149060961897,-0.18903952383401196,-0.9236682463048606,-0.487913950832128,0.2076499934250396,-2.168570705540142,-1.0238625881276076,-1.0859867702436858,2.435437487311685,2.200660814246354,-0.8460617286660578,-1.3286727872996822,-1.2441165197201125,3.810715659482948,-1.386049317524112,0.11724581101043957,-0.669583450769798,-4.138172714209423,-0.10689014774249549,-0.5399045529880551,0.3719304450214737,-0.9574858177155531,-1.1743116888501615,-9.035890764562877,5.573851777767388,-20.344151112257393,-0.3448781510698645,0.24791781260726886,-0.0526493405730236,-4.179453159526204,1.9801296611189572,1.547828850006332,-38.05318257277714,24.016323787596445,4.0877409429979785,-8.505935157405412,-0.5602675778681504,12.955566643565955
-0.19943326917610557,-0.4149494456218365,-0.11565863812573184,-0.19293185413561462,-0.6187774408411707,0.3074354313457658,0.0023804897121654776,-0.7340289882140554,0.15712952322381832,0.10895926720353695,-0.3472830500366953,-0.19357294941968115,-0.9041027389291791,-0.48967361176544416,0.20612419430477766,-2.119293214650642,-0.974052845900802,-1.008972150464745,2.0303408608057456,1.97639223173053,-0.6859609355277733,-1.2633811319178196,-1.0834221765165584,3.6067640452495198,-1.3765990847911729,0.11665449686026391,-0.6586537877364558,-4.103879993910278,-0.08799038018353211,-0.5070407062131982,-0.4846357879137061,-0.8697227786142888,-1.1600745717614815,-8.644352604777312,5.74642665896063,-20.667547121309347,-0.3411433750477036,0.242338375585161,-0.06477021003545326,-4.275224346259266,2.0126563231173544,1.6210106318017148,-38.00050523030377,24.009910534148002,4.121008825892624,-8.494754027545357,-0.46567555327365784,12.885003591939585
-0.18178151456725264,-0.4155186121039731,-0.10343619773727701,-0.17221963843967655,-0.5779374490901511,0.28380209013569896,0.016514831537727988,-0.6030197695975009,0.09903804118780878,0.07564929590997585,-0.25209263628447665,-0.1655230265345173,-0.8806282011992888,-0.5005018733016364,0.20239363793166473,-1.9884062481656335,-0.8896735098903673,-0.8683017088532731,1.3019118281614683,1.5784171477984963,-0.39645674217878096,-1.07082757185723,-0.9137514119675866,3.2491127145233976,-1.394945367228367,0.10034680875671882,-0.6251277822855701,-4.007872646455675,-0.08058787168592033,-0.4810232641620508,-1.923184732715552,-0.6931864406465522,-1.0823060705937524,-7.969869498719494,5.9944095496619445,-20.8274045897041,-0.3483599282971082,0.23554503619513434,-0.06558877659919847,-4.395346844330429,2.027088975383875,1.6740860083194529,-36.9894961428122,23.289019459861002,3.8990646982222192,-8.573112729883814,-0.2976621202744171,12.188251188739441
-0.17332562019822054,-0.4052152045306428,-0.10238081638854653,-0.16588638683287954,-0.5584371862119529,0.26944834190805017,0.008874733529126969,-0.560311157993946,0.07949155562697062,0.07349887778373447,-0.22765705586788723,-0.17293516595121775,-0.8644849481082519,-0.4922612555325879,0.19469147567153627,-1.9044302080377329,-0.8515804561240746,-0.8072410035741339,1.1040307848166802,1.4441569366460132,-0.3583997539886986,-1.003671957716148,-0.9424367112585713,3.1197630615169643,-1.3800386776506284,0.08875881343541064,-0.6025027721239011,-3.879600105977525,-0.1129145367330299,-0.5202935866572664,-1.6711036854657606,-0.6924537901598592,-1.0198988429741416,-7.996488314941147,5.872376387920849,-20.181932119725698,-0.3458181676624126,0.22724254374890557,-0.07629798721304756,-4.331941600132836,1.9610534922710048,1.5940192943697413,-36.29062880793619,22.697678728999616,3.6493198082699747,-8.79077995217151,-0.5230694215950145,11.594465258032532
-0.17803347937691133,-0.3780256803875463,-0.10704775884706466,-0.18396294616238204,-0.5308473980194716,0.2447542124301235,-0.016609138696942454,-0.5331304269818881,0.036880635131848534,0.048406746692710646,-0.21400330245499558,-0.15725921195770387,-0.8315261242195281,-0.4963838574726865,0.1779048630608438,-1.7562355588699678,-0.8263885362997188,-0.7585309032515303,1.0769407303536467,1.3179264059476565,-0.4299911764439344,-0.8841630443971,-1.3332027871201746,3.131780844075976,-1.320333242949785,0.07596931691237169,-0.5672781640432901,-3.616463741816657,-0.19999074611839418,-0.6082674652322572,0.253922077832029,-0.8488847177732962,-0.8043011117880972,-8.626704448163082,5.148182520265372,-17.54295012508229,-0.3177212258872203,0.2060973849149591,-0.08991010057356306,-4.0570968055749015,1.7990775068738767,1.3537508349981957,-35.40694453246918,21.776401363951226,3.2053863671900267,-9.342560320793073,-1.4865546630827087,10.496596774234359
-0.20278054341670396,-0.4039290451001625,-0.1197990412678522,-0.24757829593014322,-0.5890616384751496,0.29579806988396895,-0.06656299905387937,-0.7930733660390574,0.12510343444187605,0.06296831380318525,-0.37771022870655707,-0.16264466635623293,-0.8313447607457108,-0.5181801422047585,0.18354842553813447,-1.76577168719108,-0.9134916404401406,-0.8174925968698877,1.6114189184277885,1.4095584161011454,-0.5678274201215935,-0.7271662307505814,-2.1157644195147274,3.8438706452355285,-1.271699594641077,0.06265743692086123,-0.5210993307811478,-3.524939779679129,-0.24519344615373742,-0.5918747045954431,2.158082379025056,-1.0321031305611135,-0.43532045260860136,-8.926744687306892,4.156426055799173,-13.618907476212385,-0.2965760660342967,0.18360822857214476,-0.10616072199504302,-3.656358751992808,1.6464395558069358,1.1266422493055737,-33.38003791377406,20.5176172521776,3.1408691895856804,-9.099133628499336,-1.5364886393624455,9.866157370059097
-0.382775403674768,-0.4636300398510807,-0.21366878169172676,-0.5182958618357597,-0.7085689685466995,0.44679005247525344,-0.16007617401759103,-1.4317857959666436,0.19558182355924736,0.06300259162404066,-0.9111586756127003,-0.12888767851736666,-0.9710946326443877,-0.4854398212255291,0.23553001039827745,-2.0815104604982477,-1.145429683883897,-1.1484363203864743,3.072752557702751,2.0422615968149787,-1.0420525224282118,-0.18035982149634483,-4.296522908989883,6.077626163972732,-1.3171676765150222,0.09273088784597994,-0.5592125472803443,-3.6862364344691776,-0.31587442219144474,-0.603238402884849,6.259695244651646,-1.4412307795689057,0.1279412665998563,-9.575165101390166,2.1723329971116074,-6.116514440693294,-0.28502680372897876,0.17645111063178492,-0.10463676962022812,-3.3962639533044774,1.58044437440157,1.0274357236287506,-30.991213716964577,19.37483100128823,3.486007069069396,-7.808332333050594,-0.6644041100431686,9.8911568802957
-0.5104119615328129,-0.4930520606274394,-0.2894512319084411,-0.7340998314440501,-0.7859111092447579,0.5735631117117681,-0.11226991954595694,-1.8715107433035465,0.21254358106939497,0.008939399049583022,-1.2023429496751967,-0.01375428635883991,-1.0978064978352169,-0.44868861217083883,0.24514513320336187,-2.3796643913035456,-1.2410232671765768,-1.3816424838779078,3.8868056082369327,2.6506363806202122,-1.3830974338852036,0.16121626810272993,-5.56072345854321,7.76296819497421,-1.4012971111168036,0.11693120087081038,-0.6321920112381986,-3.8849359981175398,-0.28367032307849127,-0.5799692771660989,6.187925091285219,-1.43308494929675,0.06199792178500524,-10.06311108753766,1.871183940074016,-5.204294407448927,-0.3096780713885361,0.19492226402928442,-0.09797374507992146,-3.4204168243988597,1.6163278354477864,1.0716964601835408,-28.986824744721336,18.37665674958989,3.466259999338198,-7.3094680963200505,0.053686924041758614,9.722525578368408
-0.8464285846937918,-0.5341043330368158,-0.5137861925938442,-1.3865950201437918,-0.9626142323171946,0.9086973151164128,0.4176491949867758,-3.0917769111058355,0.10011220424689385,-0.18378465477260972,-1.8758650266285901,0.5683085386548312,-1.3977886245160263,-0.2973017875997054,0.2269497746885155,-3.0869607947229505,-1.1935453616613896,-1.724747085504357,5.170212495385468,4.128163427127193,-2.2149068523319917,1.0065888411305504,-8.494287612287062,11.97953423744931,-1.4516806345621616,0.21010852927335433,-0.8919079281977642,-4.264700968201227,0.04179787858869481,-0.20639175614496713,1.0438119550011398,-0.9467093941027508,-0.4639646783072423,-10.658527228040205,2.1135089508132476,-6.482833202597224,-0.3391714848374921,0.23265949813604456,-0.06146805942249609,-3.2510132976831394,1.68457796493045,1.0870056795911385,-23.23811820822914,15.542338697871132,3.3712719347539744,-5.784642863083477,2.367264944745859,9.453810513296299
-1.081966751545597,-0.5464708901241304,-0.661052599670842,-1.8663505720864209,-1.03883493832821,1.1304959196441988,1.130661289947987,-4.025720259804176,-0.08648543243904956,-0.35077161171839794,-2.361875131730504,1.225536381018112,-1.6492778786586215,-0.18659851693225837,0.1554374104727231,-3.594309951978284,-1.1128190825982422,-1.9329968638671935,5.738941596610935,4.947621004540645,-2.8268910486846304,1.8587418493108543,-10.91238621816137,15.275585505398574,-1.4966398084615546,0.26297379999206155,-1.1603361037891364,-4.53765849156903,0.2602432174369184,0.02699562962703482,-1.6984766782822478,-0.6771364231921633,-0.6958501836653833,-11.20885982159391,1.8690159194256035,-5.7796939487045105,-0.36202376600048336,0.2633075560932833,-0.03267696844599203,-3.03570436938927,1.6824052206065028,1.0367087093855603,-19.480169272314033,13.539072029344696,3.1740150640642852,-4.731349307724612,3.547884308226668,8.84139896182828
-1.8699786988378104,-0.6645223863183157,-1.1958689190329537,-3.0044749631286347,-1.1369578011000416,1.7938313141461122,2.811944400360259,-5.611969009701178,-0.2478213021388704,-0.42483327745825317,-2.7440353254860432,1.7598051503013443,-2.6197044905590197,-0.0012995832555965361,-0.09838451762713873,-4.96355378552477,-0.8393144863468249,-2.237436705180446,6.231978233434562,6.04320768099765,-3.792397158468492,2.8604852518202537,-13.521287280790375,18.709096338581112,-1.8038827763716867,0.11088262838420022,-2.547173231370603,-5.661640336654885,0.7280411666491338,0.8279085295691011,-6.368286796354769,-0.21271488621687176,-0.9689249958879976,-11.54638745134003,0.8940717200381266,-2.111199285929054,-0.5399338130330441,0.4244166027472064,0.18905083725694938,-3.1610547795567046,1.984480650563245,1.3454886971931947,-13.843233007738075,10.522135121424286,2.9065511822190833,-2.5278550811107903,4.816784528469425,6.372651562076794
-2.8036491679795117,-0.7077948988968079,-1.5475228264274017,-3.783361667746506,-1.300038090615754,2.6183971386079374,2.860125292884425,-5.635115534480521,0.11722461437426895,-0.0963980180027359,-2.124524693449861,0.5509205048494707,-3.905863786014101,-0.03737193688409832,-0.8288122223418822,-5.880661746666677,-0.20398732470257416,-1.4532508855347652,7.046559964829343,6.7837010675558185,-4.314429812630452,2.456519922184684,-11.499952645046095,16.20120553227953,-1.9856662850351845,-1.1868655528708418,-6.739363862120664,-7.348540597546896,1.0237277945085639,1.6539163845748666,-7.5417217166339485,-0.11422160060205266,-1.1588684995070881,-10.319158650612914,-0.19197993329738036,2.0201565795957483,-1.2346218209716933,0.9177624266883272,1.3898736505742344,-3.7746052245142168,2.5722112349510713,2.0801487662412392,-10.1658261818027,8.258790005341087,2.4765683476853275,-1.3425704027058207,3.3462787068548834,2.878827238193078
-3.1183746843485345,-0.8569864531737589,-1.9024568437276574,-3.8300163610321025,-1.4571881416206813,2.926078297701718,2.4473604410022927,-5.299080876679768,0.23897433442668917,-0.014759991376116666,-1.6684467687810136,0.1527682801610882,-4.213842458879369,-0.1134716670771193,-0.984798321075287,-5.969833108692824,-0.02192916567973909,-0.8821506866572155,8.983900589645168,7.69675057358188,-4.54095437984252,1.5297384915570125,-8.623473954358808,12.152828286441775,-1.9769371088536933,-2.419890040360259,-10.006727759089356,-8.301453552041336,1.0507495337768926,1.7001522346800697,-7.072997360902921,-0.22998460353270284,-1.5188436960450602,-8.990176919129668,-0.39899491451295327,2.846834899906462,-2.002266703595242,1.2555414723819691,2.853063141431098,-4.43104129316764,2.9929465519665444,2.690900816421338,-8.611971970170112,7.039852894526319,2.0547842032058505,-1.259603679640829,2.0120488545197617,1.5586167215446238
-3.3491979833307384,-1.120022831952493,-2.513048656432915,-3.8132468828805304,-1.6499935189361663,3.1619505152830163,2.102418547486513,-5.029815274378218,0.315099231506499,0.0929569951262031,-1.3409479285571462,-0.11155614876345972,-4.494629166295703,-0.22564095795188513,-1.1748194996007182,-6.088045721034532,0.019585778431759,-0.6851323450718789,11.326282680777748,8.788772300393616,-4.917229955250994,0.9020924211200042,-6.4941883395199405,8.953396091878664,-1.7020009459316692,-3.921105722910085,-13.841306975626638,-9.131882912782206,1.0763971981173848,1.7428765083850382,-7.976366938774077,-0.16807297321349562,-1.4812201479546774,-5.766815221427057,-0.03305848740477883,2.4091000289821323,-3.174528331015408,1.6400222924444332,5.311842252898021,-5.376200561686554,3.4560663453853153,3.5049193480078387,-7.128716578340252,5.670854674075539,1.5462678428959755,-1.0354262240935235,1.3002779807206213,0.8446366070356924
-3.3738884228887582,-1.4035152823586459,-3.118002576282493,-3.65140168306385,-1.7810999886308843,3.2615920576526487,1.5323021786165476,-4.495912152771055,0.3909849895818944,0.06869160975872243,-1.0940912837493337,-0.18415041650001748,-4.592214211002102,-0.2877506456390092,-1.2072334929195412,-6.070823566598189,0.04453046405873439,-0.4626947281875365,12.63334656349782,9.36656578173889,-5.059085802347343,0.5778386484551259,-5.533017038460264,7.283346019825087,-1.2606321890702405,-5.307814526263425,-17.151021453481267,-9.788568714092738,1.1405916020913158,2.0058823906057435,-6.688169006578729,-0.3256097470671357,-1.4066823648236173,-4.587617171988025,-0.14143813764046448,2.8378929189594255,-4.49937937755089,2.074375848302525,8.510744376375458,-5.971072470848428,3.8635694042945716,4.1803727806753885,-5.776847302806257,4.755005972122902,1.3691240501459965,-0.867193979675419,0.8531535530474934,0.4941207786081688
-3.3384113493411918,-1.4637303076555561,-3.2529573128820806,-3.436138681293197,-1.7655350373297254,2.969991685393781,1.234640243042628,-4.197414612550157,0.16292613170806053,0.1443384641101849,-0.9857329131532285,-0.29727225533457396,-4.770243080453735,-0.5063802612234759,-1.489421259939766,-6.112866377091111,0.3368904008473021,0.1268024628284863,15.617184288048572,10.99989377969556,-5.980448387058171,0.3417440573383298,-4.857734923213988,5.5349253603275175,-0.21714131877131462,-5.938293657122832,-18.656066784433943,-9.882262188249614,1.2791599755368075,3.06077186182691,-4.694928918139213,-0.49242487776940647,-0.5967460873942382,-2.285744091848298,-0.7720739307026578,3.9288182762318096,-4.66840115378939,2.921859048873435,10.475111562516084,-5.5863231117167444,4.514964161795505,4.867954122532583,-3.9643182346702366,4.085915830408694,1.7152398960677084,-0.4911084654064925,0.676577404894064,0.3204913485400176
-3.0860114910801912,-1.4197799447785615,-3.0309697199830814,-3.2422972742183167,-1.7424095094868022,2.763472521066276,1.1756946403936301,-4.136975895834391,0.14879507117563504,0.18450151481855015,-1.0456717648228737,-0.3334235833914544,-4.5803119111183435,-0.42686647669157446,-1.2752114190366728,-6.009564038926877,0.21958100632357982,-0.03944528624666978,16.318634301056473,11.18831898980559,-5.939346371960513,0.25942445064680325,-4.755198538355175,5.087072306852721,-0.1494197920446102,-5.483395562824592,-17.507493917688645,-9.620057386011087,1.2437000470757091,3.211927524976157,-2.3944195284442573,-0.6840022410113419,-0.08916707698040816,-1.3032988844861055,-1.3093549658279238,4.575106974184793,-4.202261044719615,3.2262259792208887,10.08789719296166,-5.258073744783293,4.739826160451854,5.081337573456661,-3.2445824992501153,4.037497264424481,2.08401080233516,-0.11244768550215144,0.8410101292460171,0.3494737100024353
-2.5775750194913964,-1.1578557586471578,-2.320549910028334,-2.922125279459664,-1.6754026027511908,2.3772007365717718,1.2256417654064125,-4.212396561746333,0.17445736038456514,0.2997803290584123,-1.222535837737858,-0.4412077505491728,-4.100370750470648,-0.1658106500840174,-0.8536615803301583,-6.059905622752457,-0.2606131824342045,-1.11699203536309,19.877673298505577,12.983372408959564,-6.806133982721737,0.4205838808788963,-5.1711575007650215,5.921080497048786,-0.8088129971605523,-3.7415215934092094,-13.415137626205022,-9.312585032333985,1.0730469813940935,2.8666964973288334,1.5862083225349006,-1.0809148692891177,0.3107234058393874,-1.290350290629335,-1.5243830158314897,5.3374132758465525,-3.568750177895046,3.020023235852091,8.496423739879733,-5.676991686887401,4.9922683094764295,5.642904226067027,-2.9201674564537976,4.376780507926512,2.713797126941442,0.14175624442880982,1.1837644201590722,0.4749284613659061
-1.9085670455817088,-0.8225136213807013,-1.4283819380177383,-2.5272318386083623,-1.5413745012006175,1.9861121990576582,1.4963507370377858,-4.508833493931324,0.3901246318318168,0.6363310123536075,-1.6785353161535248,-0.7818212895283332,-3.391506110150761,0.060907901369342675,-0.438516847912486,-5.725852792893708,-0.48441380945575374,-1.4770820671028708,20.784419160605523,13.57312105059389,-7.127321844963903,1.01381129819857,-6.221387683350191,8.382092522776091,-1.1927490133289718,-1.7165181655359893,-8.945367024474201,-8.55340066568401,1.0892607966543852,2.668008232178987,0.12722277447137798,-0.9932598388422743,0.16300371637486955,-1.8218861393981085,-1.5945793660733174,6.318966368551597,-2.3751461785248305,2.396055504425594,5.202522475602875,-5.079866755054451,4.563002917105315,4.844454806955621,-2.9421745647342457,4.771866302618684,3.2048867852734584,0.45483930253925253,1.777284294579874,0.747439615349467
-1.3106869820591842,-0.5862618520063115,-0.8237655474626128,-2.2353274018894123,-1.3552847555893217,1.6830801571241156,1.839695949597703,-4.80722527361125,0.5264253324145745,0.942360706791477,-2.1886839339700757,-1.0842043834706518,-2.5892415448193136,0.19100743474853535,-0.1674839808823948,-5.043230974582633,-0.148657620340523,-0.676594378230427,19.82628677877148,13.33479056236489,-7.180743722956469,2.0340158683039653,-8.038287397121078,12.261619680178756,-1.3013227069559745,-0.0696240600287741,-4.918220184122221,-7.404141584721891,1.5342959533850244,2.7358925439435606,-5.274244204967314,-0.5797688838502955,-0.42468691387811863,-2.9631781431845416,-1.1802591024124538,6.496464273929327,-1.2945878376744533,1.177800502343682,1.811706353944572,-3.343289013718972,3.2122487788570324,2.5793450068927215,-3.169874435425063,4.798327735145739,2.8431750542802963,0.48499604107130245,2.3145807176821442,1.0265929990189968
-1.2424199861577587,-0.6982771947678598,-0.888888816087985,-2.2918706382702214,-1.3894730490670104,1.8269716353531655,2.198881166113976,-5.081438318069955,0.7413262123632136,1.1575559679312035,-2.4562649230718723,-1.2400215279387297,-2.4102844641131576,0.1274014073784709,-0.0409949573820359,-4.928418687771508,-0.08954165348595741,-0.554167811118896,17.916664974537053,12.463066158335822,-6.822632228493554,1.9757911084796616,-8.031540275041522,12.79800879094114,-1.5119755290169397,0.05100424090609959,-3.9688582735997446,-6.999595807855155,1.5866075456072277,2.5009725003359478,-9.611065188907997,-0.17092118757361383,-0.8312520551588122,-3.5533822967505433,-0.42169766831969363,5.005297168118745,-1.027532339284561,0.8113627704890297,1.0078630896403644,-2.999529213195278,2.5791461825301307,1.8578657489920427,-3.2152754285526877,4.279560915989815,2.036312969435568,0.20156632063807645,2.2447475595586153,0.9713682765854176
-1.2414481898889709,-0.7467935447148071,-0.9353089541776209,-2.344071033917304,-1.3985890384795063,1.899956070202383,2.4403949640818468,-5.256411400776292,0.804437900690373,1.1864391639337102,-2.5313685448467793,-1.1435658752174334,-2.3390505688213765,0.10010534869041633,-0.013515177758167449,-4.8960447306583,-0.07588698429603218,-0.5411688367928245,17.071745263002846,12.102801813675038,-6.715893572747958,1.7772301486144992,-7.816639217799623,12.661787800212696,-1.5682680701144784,0.11615989733366414,-3.564181808604282,-6.7751092658890295,1.5849309856344407,2.310792543998457,-11.515145018316893,0.026093943115284846,-1.0408669856634956,-3.787135656362101,0.05442637970456139,3.8408670530362117,-0.9194844339555792,0.6876518974363883,0.7436259109837502,-2.8128298196414505,2.3126850568975024,1.5489728872926454,-3.1690311682765646,3.9332312667864597,1.6538970155780306,0.015558476713624602,2.0890554028524697,0.8670310701925744
-1.0767785101495524,-0.668293784218247,-0.7726433226464545,-2.261858255547567,-1.2924025565193378,1.713684134323618,2.838826236448478,-5.513159342773563,0.682556202184803,1.1387011589643345,-2.7437647248194783,-0.5236634123129564,-1.9686658937129744,0.09136972414587073,0.022278640366641653,-4.526023412828841,-0.055430413287804264,-0.5503172198868986,15.710620074968586,11.630192908971686,-6.773246304485736,1.515155177710009,-8.181928299152187,13.458940984864192,-1.4938401596948785,0.36460297718491225,-2.325743549388161,-5.810028342472273,1.5359853358860054,1.6871797541405757,-15.447645934598496,0.45547370204218773,-1.5253296701381514,-4.545951958455336,1.045886366869975,0.9279059847096782,-0.6130295898957601,0.4353312509950413,0.22280534093319487,-2.1758335474965715,1.66038673730923,0.8189072268854793,-2.957356332168397,3.2694970146945637,1.021166452819853,-0.28135984631990296,1.8727740219195934,0.7279067168814348
-0.8391176964717691,-0.5254073089767314,-0.5277852747056218,-1.9143186211406182,-1.1144181536399902,1.3013338182726508,2.62147509665113,-5.3238429131832365,0.4434446496267622,0.8025696188373608,-2.955897050410154,0.9039088284368446,-1.5571959552301737,0.09407996421320866,0.03435881383417936,-3.9425482713638345,-0.10451359072049896,-0.6531520471862189,14.114534399303515,10.917770668078319,-6.704822097158485,0.9480269896557089,-8.804399116838834,14.027853498768536,-1.2876273889384418,0.46307776201570366,-1.5114170946520045,-4.782652768023452,1.3704807629519449,1.027753844063617,-18.039482854837004,0.7988575671028751,-1.9151814616081506,-5.779806343920947,2.144624187185255,-3.436494374940532,-0.43374643851027983,0.28990574887127885,-0.0005755338313139933,-1.6521973893193425,1.191764541800086,0.35810975153920405,-2.758308853868525,2.8762406533361173,0.7220864109604442,-0.4855021997228533,1.910587928553036,0.7337821775539753
-0.7449577614503525,-0.47299393394608724,-0.4501096430830973,-1.6857483513572293,-1.027360725090316,1.097407111458128,2.2282910365135993,-5.002817468063226,0.34407018122408795,0.6280611291586942,-2.931767976147374,1.3811370526917228,-1.4186152588094807,0.09352183250509669,0.027763361918126426,-3.677403583749747,-0.13380156747647143,-0.6913948288548107,13.343411903321952,10.497548551618955,-6.585964827667933,0.491428256390788,-8.862197175354565,13.769827453970892,-1.1955929991022087,0.480310720093062,-1.3158378055658093,-4.45754800209329,1.271314217047456,0.8051321712072356,-18.529674781733828,0.8583755561941105,-2.12169162747959,-6.6186012420483955,2.757552629149633,-6.397482355774304,-0.3792908805052612,0.2483231349526983,-0.041282752098883185,-1.5209760210781986,1.0639872342540624,0.2408107820739824,-2.8877130517179346,2.932346988441337,0.7031681054838522,-0.5942230200052141,2.109849501417981,0.8527731200697044
-0.6789086576118101,-0.43317832133961937,-0.39810179385166,-1.5247054349240818,-0.968580283997344,0.9550306517213575,1.8744087306174035,-4.689573342836671,0.32383326117432193,0.532481373881676,-2.8581244074006227,1.5530574900405028,-1.334423709379871,0.08410383490949794,0.030256871080910512,-3.4871447687725348,-0.1478555501361599,-0.7016887195607513,12.767406948747063,10.170063626752983,-6.468234765049169,-0.03890086383379043,-8.60016444492227,13.10056150349801,-1.139135320416085,0.476251184152655,-1.1921377196310543,-4.258015302629544,1.2059567352811829,0.66210006638679,-18.757020650760722,0.8840507366364353,-2.2751843652611803,-7.329175921756513,3.2987117424617596,-9.175610039510413,-0.3390197317481364,0.21889936962073384,-0.07027288117984543,-1.4215165941118273,0.9790133426166743,0.1671916660124281,-3.10060584383621,3.0731176958539086,0.7316281471407927,-0.6773302319823115,2.3793915707106734,1.027061720966034
-0.5830323344324998,-0.4007040448903877,-0.3335808829802918,-1.2765939358837741,-0.9026838069349988,0.7995439110950338,1.3130915761282225,-4.1400189148000255,0.3525160688100578,0.5049616642147966,-2.664561152169833,1.3900424587389881,-1.241669504687794,0.030340496840881744,0.038089945553646386,-3.2770840725771655,-0.2786496238605301,-0.8678408886703822,11.717479244121357,9.477859989434444,-6.072987403996937,-1.2258713240305432,-7.143819564925654,10.785601623885638,-1.0644555239281543,0.4479246841326914,-1.0144833378835771,-4.062310757557136,1.0932562868261118,0.49626786930076855,-18.487676689635098,0.8647475147291726,-2.43308445532498,-8.05893550509865,4.09324488484838,-13.1170500122731,-0.2912224174878816,0.18074702807086715,-0.10045304594237045,-1.338290746559363,0.8843851683272744,0.08449244263421236,-3.5064417055892703,3.3253116984372575,0.7614884826917844,-0.8146771957196228,2.8268136033924693,1.3473995192817436
-0.5415829956207918,-0.41718118475546284,-0.3197804482132048,-1.1751942538922242,-0.9154993341970901,0.7665053418122363,1.152947193507259,-3.9655949957948478,0.41788852452785097,0.5394859701198408,-2.593478571882595,1.2475395272812753,-1.196270630113228,-0.04303585365193672,0.05291070814498133,-3.2066942890135985,-0.5064368752499268,-1.1591206985008033,12.045050409817888,9.469855453510759,-5.971746223427586,-1.5525422955107133,-6.345901126334541,9.74424673203756,-1.034784221456462,0.4091435493724946,-0.9173836838629934,-3.983011489073264,0.9894043714072285,0.4126874917327707,-16.843337964554433,0.7385950785348347,-2.2950016517343443,-8.124015507334681,4.175324907315122,-13.363844555644938,-0.26283713582728874,0.15110172091368276,-0.11133325131151448,-1.245031442951779,0.7913056700890542,0.02074798990094936,-3.3800077913083677,3.1656179376159335,0.6818243841259412,-0.8717830262924594,2.7646632786568106,1.2948699162629316
-0.4941221466658345,-0.4134507135094353,-0.29155354273179546,-1.0225407624805758,-0.9140769947204979,0.7019981886708457,0.9656749041273851,-3.7574983210588084,0.4825815616579881,0.6053808659356844,-2.5308498951275498,0.9995300411352226,-1.14426744593084,-0.07740006802739141,0.05050805228898083,-3.1385697373703456,-0.653698416343055,-1.322914692304417,12.786293509301801,9.722008010146418,-6.035671443707989,-1.4843089287995248,-6.161785123239219,9.611473033397315,-1.0080222154410206,0.38692174052342615,-0.869935858269799,-3.9660198654745966,0.9246359970821035,0.36960217175823457,-16.086071168548838,0.6127901943751031,-2.2994178219444557,-8.264996771033749,4.255942299813106,-13.846399686516566,-0.2425421141964482,0.13659590779027667,-0.1294439153043898,-1.1969771969118053,0.7488407600532124,-0.014396665506769334,-3.4796855335323222,3.2474532563117644,0.7116577752813975,-0.8515076330272041,2.9667376138594084,1.4368907878191108
-0.4265790261487319,-0.36261990497035956,-0.258576148701542,-0.8132898797962337,-0.8452113567650268,0.5598495452678454,0.5522124221657305,-3.240436846637979,0.4361112253080779,0.6230290654225479,-2.388275904812722,0.6516466727044168,-1.0565263660400548,-0.09614235783505902,0.04792478355208979,-2.8696833553510492,-0.7510004811267432,-1.339840952451787,13.01084530996986,9.532843323045212,-5.8480902213869195,-1.0686670225172654,-6.422703573394511,10.104926101400883,-0.9567717853485115,0.3626238502140826,-0.7753541018107999,-3.7948662870212297,0.805273596517064,0.25571030566439834,-14.291809049669064,0.3747594335206975,-2.312688304541599,-8.837396855300872,4.078604636673254,-13.675315920075654,-0.22756810009127904,0.13196915465734574,-0.11861642277501844,-1.2132504539342943,0.7528664649137135,-0.014256616963835525,-4.046704203632708,3.6751104009119113,0.8742904773337843,-0.8498919545025008,3.608307515213295,1.9605811850906558
-0.3788592000173495,-0.32475562515386713,-0.22422777365788552,-0.6843351284397547,-0.7815111156196445,0.46395427941044065,0.3295802811860767,-2.90496436240721,0.3379789627328995,0.5711212442664055,-2.2847370133570486,0.5470736391575307,-0.9932261628112661,-0.09555386423964275,0.052025058127734745,-2.6442974853756045,-0.7547526790221483,-1.2534281824925315,12.665854989224766,9.107459973202932,-5.5766097625705395,-0.7347020600560668,-6.791036584749667,10.624013165178482,-0.9072962101934471,0.3419242363412377,-0.7182012867577302,-3.594891691729047,0.7253680877518935,0.1675485228853916,-12.854411834112582,0.22243828482550587,-2.2692116235395035,-9.369646526208166,3.845773521379853,-13.135076352399276,-0.2089905034387292,0.1284696839453771,-0.1185144853021568,-1.202101700927207,0.741210432629553,-0.013202434485267709,-4.440576117444033,3.9682849200042676,0.9682946428853036,-0.8578818353575752,4.074207364524261,2.388198212398943
-0.30753849397530114,-0.2421103168720741,-0.17713921355765366,-0.5003145682369751,-0.6474300701195994,0.3137607599162764,0.05514239643131713,-2.3596303537564958,0.19213361437598728,0.4919718235859809,-2.0833527375239647,0.30100107674747933,-0.8797002853785149,-0.09194847200536639,0.03762692920483523,-2.2909591091491044,-0.7585468054826499,-1.1159661617002072,11.885739470949554,8.243002996995832,-5.0254005934130355,0.00582469327173088,-7.358483845661412,11.499744160922141,-0.828785655096193,0.32512705152254423,-0.6186973322135683,-3.3199577375482234,0.5978282720184053,0.07250491306913602,-9.44120595578643,-0.12190685983933994,-2.1083053369176503,-10.35276531359086,3.05630806050144,-10.429499745752114,-0.19313198235661477,0.1139670487810404,-0.12793242813322905,-1.19946841457343,0.75551529602561,0.010088586121911542,-5.481399129729769,4.755553168736857,1.2756735093486693,-0.7959822849967698,5.391689416123781,3.733969715270402
-0.26123695738530905,-0.19919725224892568,-0.14884154068660443,-0.42825378745732773,-0.5589931466200043,0.2400717861283712,-0.05410639581448704,-2.0579112630264578,0.10409885653710053,0.4080717467188362,-1.9479795986780895,0.21178487181102118,-0.82827844892136,-0.08128266191698436,0.028585346264951978,-2.070911817281705,-0.7212700362360502,-0.9928340983651266,11.049967110564284,7.525187998865044,-4.615089647624849,0.3975069074046288,-7.682967644307224,11.949209655346303,-0.7983346147537813,0.30778591196227495,-0.5844554450863932,-3.1511381102168547,0.5282374217858272,0.01359215710036441,-7.1791035822677225,-0.33705033018808295,-2.028389387040045,-11.067304676381207,2.5419029418030417,-8.600261193094022,-0.17787652116917174,0.1147453157507817,-0.11379936683990181,-1.2046856181452286,0.7749203376669734,0.029442523308054285,-6.4271919378947935,5.431043657560572,1.5119463495763774,-0.7421520534910069,6.448970171434992,4.962615540763024
-0.19773292738059084,-0.13449368343153753,-0.11653863229677078,-0.3410311750932285,-0.3929520623620469,0.135930446877599,-0.2034191206696422,-1.4530768193690002,-0.05102031869859791,0.15095532006859774,-1.5119337088055311,0.1586081827587635,-0.7264836974111426,-0.061576309077326065,0.005012584370502923,-1.724822144866354,-0.6314251642338184,-0.799747025110809,8.890745833157732,5.850357965660317,-3.7411867269061627,0.9940532174102236,-8.165724507589793,12.378691639368965,-0.7470920596605131,0.30264169461988927,-0.5343775969423157,-2.9065372990780016,0.43929921256315263,-0.04922650145032735,-2.146222396855267,-0.7685139688727162,-1.735765296684642,-12.636334046313161,1.3098078960647783,-3.7630460409448965,-0.16413598416539468,0.12103846568200687,-0.11347436033140619,-1.2583797179697813,0.8367788998673689,0.07744158130782287,-8.902742621904194,7.1524018552032285,2.133659603379655,-0.6842482928269151,8.72275926364282,8.314981788638983
-0.16088174973745545,-0.10726790829737703,-0.11080573860377649,-0.2856207250521089,-0.29134292789923105,0.06680114624037173,-0.2656039924596796,-1.0540464600686423,-0.11391819704258772,0.01887140344171119,-1.0615501829741154,0.017724485906280767,-0.688130901941819,-0.06288078584617082,0.005938886123455096,-1.6399805409933423,-0.6249527572324893,-0.7935456749115277,7.840276290286238,4.979359831328207,-3.3108269994757427,1.2241774552382303,-8.123621845917627,11.912006796961808,-0.7709266383818058,0.3107642970606403,-0.554987324122735,-3.058489864179644,0.35658844623906694,-0.09794536972392014,3.002747308007537,-1.2234871075074942,-1.4700265494804057,-13.704169589716178,0.31392892776136283,0.51913624370005,-0.1747887592349258,0.13405996430043748,-0.101313087639567,-1.5760063778527713,1.0101588057132667,0.24718116385736738,-13.124877045404206,9.934766866548024,3.0687859001484625,-0.6059499701427707,10.757599426158604,12.18736640846179
-0.15136564221234045,-0.0968810531361963,-0.10260639124723113,-0.2357421657150188,-0.23786280328749618,0.04302409331072756,-0.26436962575053746,-0.8263639987333723,-0.13858005668911863,-0.01993910220653086,-0.7901938542815542,-0.05572091886240449,-0.6712463419651589,-0.07621203979811196,0.0013678664291941925,-1.5974357908084387,-0.685724724132448,-0.848939514320035,7.421660386464885,4.490348749480093,-3.071965673058025,1.214072785666768,-7.716781254465566,10.912911135536094,-0.8023784485224689,0.2871095877712223,-0.5575178619577384,-3.2300518259045075,0.22872579349677494,-0.20263520821717296,8.18324278500744,-1.6439536292859893,-1.1978946949958247,-14.15496847504507,-0.3978321458034468,3.77470857716235,-0.19099344904034746,0.15414051613530652,-0.09854590764632351,-2.104154930082892,1.2141574389027863,0.4968480692200262,-18.264040085999135,13.183827032662785,4.032223051498047,-0.5153057224550563,12.28420503673419,15.806586268733032
-0.14950156193788272,-0.0968709294279684,-0.10228086478366201,-0.2197326410786141,-0.22639673319496878,0.03292892712556057,-0.25447217524477406,-0.7542823229799547,-0.14792936324095984,-0.023306761049317535,-0.6932683015338205,-0.07566771003404697,-0.6673228068912676,-0.09551564817504359,-0.0004786814765091923,-1.573316866922287,-0.7410844576692788,-0.8925010500694304,7.226769264976952,4.254238253986071,-2.9811107158486965,1.1627239732065355,-7.528621702683996,10.390959542621228,-0.8234454446149501,0.2609048103404847,-0.5537865550735881,-3.2634646405493855,0.1258927144696936,-0.30403907212417663,11.1969607810873,-1.8692775559870136,-1.0448070324797016,-14.61606034829354,-0.746455349068132,5.3656621188212155,-0.19849375635360914,0.15996282176009963,-0.09885729839516884,-2.359633022014685,1.2824093388039475,0.6108362448157681,-20.735289410007642,14.615157845815284,4.3163653337949714,-0.6076786731935455,12.616193109839307,17.242185922277457
-0.1509466986715657,-0.09211415642193461,-0.10948372107189366,-0.2066541022760282,-0.2233147856722172,0.02866833419137941,-0.23928480716872175,-0.6957968637407843,-0.15127034005910614,-0.011070078971331264,-0.6143337052347404,-0.10933326742945487,-0.6728622134533143,-0.119177582415067,0.002776652331526443,-1.5595255885809547,-0.8157163473057102,-0.9370251551550566,7.119071338699503,4.05930120209544,-2.8975736703080934,1.0695514871940823,-7.237938184720688,9.747508493485212,-0.8569376269327662,0.22110594831941763,-0.5384691297630758,-3.343837063458943,-0.0031686536721099957,-0.4326929068457493,14.623536214693942,-2.114308597199614,-0.8538877565964373,-15.04920468057504,-1.078669408034144,6.912831069905781,-0.2094788689568197,0.15617913130375577,-0.10100537599983617,-2.6604479911095686,1.3666457747146463,0.7430880987936016,-23.42648058538977,16.159130091392406,4.593445439087338,-0.7009961611250073,12.89123428845957,18.565783411514897
-0.14290086192661444,-0.13074337538152814,-0.11146430719922074,-0.19619960841799058,-0.2797496010249374,0.04256387074894628,-0.17378999780799678,-0.7203757727421082,-0.14400853040757808,0.06827503063712158,-0.48675695737762176,-0.1798813251575648,-0.7043868980153543,-0.2324850641250316,0.02646530884091786,-1.7138336344804666,-1.2120842990922298,-1.2570723873179066,8.723252809678288,4.322958877642423,-2.983753611323708,0.7239907957028925,-5.979343357229315,7.352376718832242,-1.07150515505516,0.07194870806534043,-0.5047625408439393,-3.8501283592869164,-0.5706087180116285,-1.2406866371478529,30.57275104125746,-3.066829421728437,-0.025999319258679626,-15.257544907346894,-1.6075276777535048,9.847080775092895,-0.30929241613432656,0.1839816554328162,-0.09271255702637102,-4.336242156647453,1.811679336506338,1.5352115486002218,-34.66775057837773,22.79281849877241,5.737492645710783,-0.9785587211345358,13.77221492884454,21.738147693435767
-0.15043570572972997,-0.1341738226329937,-0.11595774850619903,-0.18005116646965116,-0.32437426467154873,0.04698892503527375,-0.14452401687586805,-0.7749108667546555,-0.13959790180381312,0.0990697972911026,-0.5016525128162914,-0.21579077667166532,-0.691131259579214,-0.31064906832152095,0.031007461139261117,-1.710834448272393,-1.5194046411747275,-1.4110649084140625,9.371179775853687,4.4401170735742115,-2.891482349569139,0.660856576338544,-5.629527031928154,6.976111937135542,-1.1105643435914878,0.009621146688457727,-0.4438427833856884,-3.9182817344478695,-0.8910508739833944,-1.7803417616897386,38.317824218346914,-3.43087666080041,0.47598822751396114,-14.311715982051151,-0.996199541254282,7.112811542957639,-0.3051736423788876,0.17015725156875575,-0.11159146168211206,-4.351982064180001,1.7316573609174304,1.3965125184398528,-37.04563189488825,23.995590583245065,5.380463124865971,-1.2913542436198955,13.85510392522024,22.142999830388742
-0.14913746275216067,-0.14915329154871856,-0.11494732162569975,-0.17907994637216249,-0.3377923245619865,0.055396108662722786,-0.13324303196546886,-0.834087560751332,-0.13991118947861753,0.11655436339925714,-0.5167764806515076,-0.23711119899442784,-0.7182927857441718,-0.39093900837132034,0.04886538026146228,-1.789180122786716,-1.6566493355415974,-1.5331105190865486,9.965868690225255,4.6918489221023005,-2.9474391350852587,0.6778800325236488,-5.582258713075152,7.052736281183586,-1.1911863666787597,-0.022304123363761957,-0.42375319883700324,-4.021397282315377,-0.9707821706779692,-2.002641772160732,40.02079645537929,-3.497878488915676,0.5261370386231837,-13.886813397075754,-0.5535543477373526,5.0830498788541245,-0.29260268221587166,0.1615604463721701,-0.12314887478431302,-4.346960728164448,1.7173458381413131,1.3642518628896472,-37.51065350522614,24.24375217422218,5.254393914912433,-1.5337591545185765,13.735919773454263,21.97483921477891
-0.15673347333552273,-0.15111665824393217,-0.11715053057812426,-0.19138122725984338,-0.35483315751375444,0.05219907118201225,-0.14136198306549103,-0.8906110462607202,-0.13793365885010167,0.11247748517619184,-0.5393158088307093,-0.2397613481613677,-0.7499799820784233,-0.3694771911273261,0.03371092522236061,-1.9047981282926625,-1.708355919225533,-1.6688669239087472,11.4450962385468,5.617886303460116,-3.3893811078042217,1.073511372309419,-6.435811725845218,8.685432946735556,-1.1766686708866285,0.0006775041363566282,-0.4821164683376415,-4.096871128696066,-0.9971121648731872,-2.1869691113961336,39.56283003519171,-3.4879786227837726,-0.08312098053035069,-14.822860960134852,0.5208033919132199,-0.33978996577940235,-0.2800200146361971,0.16944384681498567,-0.10832411370844154,-4.438510446963868,1.767236131788393,1.4098402097895752,-39.33676597409235,25.294283901204036,4.9870168997325734,-2.163555700206488,13.503866909656816,22.07385485434622
-0.15388841102552264,-0.12345926370187921,-0.11363687824367538,-0.18978317365342495,-0.32957672053719866,0.04071678971180132,-0.15075379710673475,-0.8163866190386991,-0.16422450523869053,0.08573914203231758,-0.4917976574535336,-0.2227528315513448,-0.731331423522056,-0.34742139909239395,0.019008758522411708,-1.8717504062535808,-1.651580539645939,-1.6201046107457668,11.499029905825603,5.816526583910002,-3.520809139557645,1.40245811961704,-7.149461256508167,10.009946219058063,-1.112682758165389,0.027923052364691562,-0.5116029281578142,-4.0544533866435195,-0.8949983878694158,-2.0095229583332515,35.47315119204566,-3.3090458126918847,-0.7288835234717042,-15.463779389581449,1.5992776728605445,-6.10145463292638,-0.2608220031101905,0.17301366806776336,-0.10337460025094544,-4.336305076370733,1.7658551666669806,1.3639506797023626,-40.536820121376564,26.139877675418326,5.0056316487039,-2.504896890615121,13.681354145120006,22.920125831995275
-0.15122890397503638,-0.11575101492413536,-0.12734547301263452,-0.187511990770775,-0.32108360756743964,0.03966906671686004,-0.15578375587793347,-0.8114911676943817,-0.1718987779200759,0.07910067125662404,-0.490361382911988,-0.23166501530417447,-0.7313611479890799,-0.33393412767947694,0.01656470973713002,-1.871519049426217,-1.6461760804271168,-1.6207631494969232,11.6341303785784,5.926658376857688,-3.5655813774401874,1.5298847210723072,-7.412220499516551,10.479395778758056,-1.087049930275308,0.03766116731082028,-0.5256623192985204,-4.040684264147646,-0.8728020673038412,-1.9683720277158718,34.514459103414744,-3.2650919223520978,-0.9171097494634077,-15.548391724824704,1.9719121078266304,-8.099415539659422,-0.25088588569312253,0.17273233736309915,-0.09958225473164682,-4.3174750997567415,1.769536654683359,1.3608460919522767,-41.19752312990546,26.563892718452745,5.023472880965691,-2.6161845693976105,13.7434297487062,23.22575934853745
-0.14362746946181193,-0.10554332449032926,-0.11846517095444724,-0.18279404185417766,-0.297286667893458,0.036230792629490825,-0.15373992930931923,-0.7633977416339506,-0.17850030771318215,0.06731839378615588,-0.46639032907718225,-0.21836243054235177,-0.718635221111622,-0.31783812400331696,0.01196478934413956,-1.8262836415631516,-1.5918488835851647,-1.5520430958414866,11.378601221751195,5.820956928243694,-3.492804012430629,1.5987261986623116,-7.546980261243197,10.7355916304518,-1.0352520981094275,0.05851105527555506,-0.5277364104907792,-3.996776578445185,-0.8096893305086821,-1.8291256871097947,32.32886199592048,-3.1558216283128884,-1.1003641228260084,-15.023629417657707,2.482340088899368,-10.601664205178164,-0.23850251674628709,0.17790020739385756,-0.09603598385650972,-4.231045708266552,1.7692767612751643,1.3340408490072222,-42.01718373959999,27.203517190270713,5.223879565166476,-2.5932670538266076,14.041154760910134,23.852601343788745
-0.151148290212954,-0.10092286980851263,-0.11340241476567149,-0.18232516464097673,-0.2922606436351806,0.03277108525986859,-0.1628122554676574,-0.7489447230417924,-0.186259024289825,0.06989677345767274,-0.45945256830223474,-0.2256435396523558,-0.7151455159359315,-0.3068635206469334,0.01167886569150294,-1.816335586677778,-1.5890797106413754,-1.5333303626739132,11.217262346746486,5.741564994181499,-3.4252079496379544,1.5750303883350905,-7.4864905920074625,10.654291611112257,-1.0185372599561895,0.061217004545097556,-0.5205353672351796,-3.9774537811586907,-0.7854554219285973,-1.7620695203565817,31.195765291017747,-3.095603534175361,-1.114644666158881,-14.437446206260395,2.6752584449842596,-11.356412793791396,-0.22886472441191064,0.16510163599325775,-0.10849139118828767,-4.167078298422089,1.7517193453585471,1.299293721636165,-41.718633098551415,27.094557875281996,5.274649263088258,-2.5379656598544926,14.085005719150535,23.762939727093872
-0.1356159695229921,-0.08397786608365304,-0.11116351915923282,-0.17280188739343535,-0.27209186249578593,0.024495073737266903,-0.15779606260836493,-0.7368947630665361,-0.1807714658004748,0.07393697584726164,-0.459294796451765,-0.2206497769570671,-0.6938933788302702,-0.29469791634692594,0.01596277795695964,-1.7328899115628011,-1.5244324115898977,-1.4324032924314025,10.59157716830713,5.370249992746537,-3.2017860651763987,1.5048020068540227,-7.32420765910855,10.430159556984446,-0.9687498461934602,0.07312353465436945,-0.5136995626973672,-3.8651732427221233,-0.7267083905029331,-1.5897605821435454,28.802376959968395,-2.9671324230784037,-1.0660235608764481,-13.413206131609236,2.857612525128689,-11.782941986984468,-0.22021169181234226,0.1704007327535395,-0.09907153304643573,-3.9210689050855385,1.6877193706932625,1.186835522357219,-40.615993229959926,26.5018773007699,5.297673404721276,-2.4429976359608947,14.049436001149942,23.559248333540236
-0.13722130433727775,-0.07653478532817323,-0.11126416680863573,-0.17760088579186337,-0.2547253712173337,0.02918090683800127,-0.16769169113775387,-0.7083990385718665,-0.17207899543228672,0.05638057795037502,-0.4735442653124155,-0.2083227410400142,-0.669786145172934,-0.26847069470431106,0.003694292268309962,-1.611718373580357,-1.4401685689032435,-1.2981326857688027,9.455941642606154,4.698198927699962,-2.920356060321753,1.4845887656984058,-7.405586114749573,10.335378606767748,-0.8912167791140531,0.07815798538911423,-0.49221047079232655,-3.6220778274662617,-0.6953027021898005,-1.4150900755521603,27.13032801132725,-2.8791620369849884,-0.7379623910481837,-13.052640617286709,2.3826887804207044,-9.10695915909694,-0.19277497835350052,0.14858984167071124,-0.11088413212479661,-3.3970879982481064,1.4955797810986633,0.9014972534094238,-37.60478990066123,24.529843728134797,4.885637242929427,-2.5192730152044174,13.315079336814026,22.919931021560064
-0.14457772157843238,-0.07788089111050873,-0.11595230372169144,-0.17506691168480498,-0.25829631320370267,0.025825370303031746,-0.1682874698904797,-0.7362698852798627,-0.17569856485389432,0.054247712240103975,-0.5063946332558151,-0.20143725302029816,-0.6626757645472933,-0.2754402161625078,0.00661172284514813,-1.588845498427772,-1.442673774803689,-1.2909742652401055,9.271255354453377,4.581579567591209,-2.8833557324898984,1.5372296368532956,-7.561336901582381,10.502858162525264,-0.858942201251492,0.08640499989967775,-0.4893889841401073,-3.550693604736017,-0.6821812848032358,-1.3566111766262567,26.69631806438379,-2.856234873809725,-0.6198330186388515,-13.00170859091297,2.1531316351738665,-7.925000051714196,-0.1839643252817886,0.1427294360593403,-0.10572487220667795,-3.157314590963382,1.4019028448877646,0.7649702719823668,-35.988332803108136,23.492657377403383,4.6813598339179014,-2.54024960007668,12.99752248157946,22.481155841135006
-0.1373889825454577,-0.08366249392008397,-0.11362972489332919,-0.18882533043080404,-0.28182715340544456,0.03439484755504301,-0.18228126461602936,-0.8353274768803544,-0.15568178506277427,0.05257022589096391,-0.6302188527843506,-0.18544165532860532,-0.6591707924623676,-0.26225273597911136,0.006497354699232508,-1.5707098697393362,-1.4460377118522327,-1.2634707520961002,9.021948218987601,4.414005155587525,-2.8126820918540147,1.671833385639266,-7.9232726075367905,10.989630429299288,-0.8029264901161445,0.09043976707520368,-0.47955446767579024,-3.3880391711519637,-0.6523684820966532,-1.2265575918534164,24.44761588819692,-2.7325491942394398,-0.39087975349639303,-12.483758840473548,1.752289406058723,-5.732935461316108,-0.1561364694203737,0.12069735630781778,-0.110276473908815,-2.58529511028524,1.1706788399321972,0.4640543910422485,-30.79926185026075,20.217825041090837,4.052094202091582,-2.6416497225403806,11.960128764010502,20.29404776686223
-0.14542530259478068,-0.09557766946725449,-0.11030213055776544,-0.21404210889036812,-0.3130557479048184,0.06489342368080149,-0.19168741065997633,-0.9967888925012515,-0.11215404441438076,0.05885584412322794,-0.8409996687674423,-0.1587663218326927,-0.6744674578899063,-0.280263412895857,0.020451816052008652,-1.6223072206168019,-1.5166422802900588,-1.3188973094534653,9.018314280766669,4.3742049938026915,-2.749675982777087,1.6500831846851647,-7.936039484182703,11.011626468848712,-0.7707500819380072,0.0937528263711359,-0.46426554412336685,-3.3481278774077294,-0.6391216666890226,-1.1526805771622455,21.86905940718661,-2.58196694810656,-0.08846083697661422,-11.400767201801798,1.40383373962226,-3.70651631905106,-0.1473174060007541,0.10496352215284659,-0.11661761105134011,-2.053015854171606,0.9672499670655069,0.2304762854911038,-24.75773675350812,16.418944906262006,3.3330513074653956,-2.7260934160263663,10.665772621881755,16.957183514909477
-0.15289838470410244,-0.09728299984479868,-0.11303058353878288,-0.22259652359668455,-0.3317736385862463,0.06479987854583814,-0.18892390423931457,-1.0569388870893717,-0.10436489302984733,0.0655010492702821,-0.9164656082129848,-0.14507075436658906,-0.6740938278506317,-0.2912399544662948,0.016798234893494426,-1.6539409985124292,-1.5476879180043166,-1.3425926367703038,9.018665875960817,4.350638949312144,-2.6882883867431504,1.5304807925610755,-7.693210033776084,10.637930046062587,-0.764809436540222,0.09711353303228204,-0.4628169382787972,-3.3492115192266034,-0.6193186910422015,-1.098323776283792,20.437986744534413,-2.4918182689483097,0.011551006277744136,-10.72284405236986,1.3336541188508149,-3.144034446523707,-0.1424073630764607,0.10471379427524478,-0.11732909426252511,-1.9265855512359407,0.9232618930227586,0.18841224536104756,-22.772418557920634,15.231668795692357,3.196891539540162,-2.6314350687934196,10.335707479496005,15.737607600703578
-0.14549288571277852,-0.09906393495249705,-0.11205790576935058,-0.22924741662304435,-0.3350382839193312,0.06694376457209372,-0.1875008418762666,-1.1238471633671758,-0.08114160597271006,0.0668825829979121,-1.0167449861052626,-0.1184110045867579,-0.657803770910911,-0.2752655612794651,0.014491770054906388,-1.6375204364022917,-1.5069019726351942,-1.2885305829174016,8.73671972303258,4.196635977058389,-2.5384742903361355,1.317430347095747,-7.2170243744030245,10.011762184199533,-0.7163882392346382,0.11270134432752095,-0.4453335307688079,-3.2326177154303717,-0.5313580810373434,-0.9266261050979873,16.99823683360729,-2.2694819234586845,0.11908689805387207,-9.433912827971064,1.3593915455761412,-2.7249351591859803,-0.12023397107643334,0.09244911905774811,-0.11582716379590914,-1.6477419216714284,0.8169523478274313,0.07791296062195864,-19.52499296640473,13.326444169851591,2.9759784873385646,-2.333814637525767,10.01517071849674,14.096717551363819
-0.13974484371366763,-0.09523130397985938,-0.11150799492523393,-0.2276438913452603,-0.3332174411235385,0.07091412507126953,-0.1906166954332262,-1.1092385128667803,-0.089503061676754,0.06114183589681982,-1.0535603369084379,-0.09976226878684853,-0.6414852827931338,-0.25909528356173533,0.012257210098679064,-1.5912161210120481,-1.456012198122759,-1.2289566508624856,8.411474617712523,4.034376406282509,-2.4626088028663715,1.2748159457015351,-7.144038303377692,9.946364165314844,-0.6807088325510282,0.1181812475994908,-0.42772077434453626,-3.1084141640983964,-0.47407634923740066,-0.8150127227693755,15.220181914094608,-2.1507988958825215,0.12771043055476797,-9.089958392416495,1.3577796822477786,-2.575435678118411,-0.11327941032687977,0.08650346759745962,-0.11497590418986346,-1.5129076623879243,0.7723151289967937,0.04439461205023135,-18.05641235295148,12.444243595637765,2.831437475251562,-2.264519196696389,9.828864779519105,13.556333718256461
-0.1378496184920132,-0.0820937442870543,-0.0988563205258941,-0.22465786064340076,-0.30258496181126177,0.06609972034015367,-0.21073218110185946,-1.0958663896340923,-0.09020615127124113,0.019098951653291056,-1.1050746737670778,-0.0340234408992076,-0.6178327250188344,-0.22334726896021134,0.007582989015141528,-1.4987357505991312,-1.3187384487594287,-1.0922984027718192,7.835054396039844,3.8187545127972893,-2.3760784016650893,1.2681196106423347,-7.221304403051064,10.134843103767281,-0.6240684396645908,0.13815345589302247,-0.3983289042366658,-2.85780244077521,-0.34628507554824467,-0.6167374289395093,11.737887221608633,-1.9005610471810095,0.06652381918775682,-8.630426287254632,1.4261560267049873,-2.6459447122753748,-0.10450083562645594,0.08750293146447238,-0.10355741067579097,-1.294553828260277,0.6981914789438687,-0.017266550273046927,-15.73341844256321,11.04628709207612,2.6169626995269297,-2.1370531467606857,9.54240252344277,12.757529685207658
-0.13773792881247096,-0.08493818480573796,-0.10493154576414768,-0.22525045970730115,-0.28575632358778585,0.05561733321933482,-0.22190115263511648,-1.0694461229810557,-0.0893469055838397,0.001541896343532413,-1.1142100574254958,-0.014573307753210819,-0.603034359657814,-0.20197574080501673,0.002270621924426057,-1.4494343407147559,-1.2424746360436902,-1.022579623339805,7.4375409430541755,3.6409444441383174,-2.296900629435647,1.2340895232438234,-7.212627230799635,10.134205032067555,-0.6120437663128626,0.14917675476659686,-0.39454259720764223,-2.743935749459017,-0.2951322061335346,-0.5446522605937649,10.310151400778397,-1.7902715809294805,0.05751850695340166,-8.451266707629138,1.4143454341242698,-2.5299227270838194,-0.09087905721454387,0.079714078103899,-0.10640566306112392,-1.2409857671914473,0.682817754940859,-0.022998640725467628,-14.84064910714569,10.520949020047548,2.532476206950859,-2.0750721730542714,9.421070724803918,12.429214853346291
-0.13125672042596984,-0.06529220056625545,-0.1107890606417695,-0.22874170319159953,-0.25490374117640546,0.05225735145921877,-0.24413645597852576,-0.9956245227103361,-0.1080713980411491,-0.05192699359573398,-1.061237697018803,0.030303069192436482,-0.5848833150622966,-0.16927672214652398,0.0007143984130553214,-1.3731157282463133,-1.1204470646615148,-0.9171244714547495,6.622605485135225,3.271256263834753,-2.1365253152449557,1.1126356442352572,-7.073234450253291,9.846004152552956,-0.5800362951075956,0.1587425501406659,-0.37392804389990036,-2.5715811805986792,-0.21578188968755138,-0.4328124174590839,8.460443001771507,-1.6393939999309288,0.108200744362072,-8.071694391458562,1.295425432826957,-1.9407039424221988,-0.08965095161158917,0.08245928642839223,-0.1043429553030031,-1.159912045335066,0.6710347288330808,-0.022162771559626055,-13.679529489962365,9.870540157917814,2.518398155237598,-1.8970154433995603,9.255124666788106,11.9676561438996
-0.12771259813746316,-0.0626246580351465,-0.10315917725609033,-0.22302232629431826,-0.25018342682385636,0.04074021319958149,-0.25214863131430354,-0.9688193689450475,-0.11047689662802485,-0.0818140737525375,-1.0058923174442715,0.024995739228075867,-0.579376418911895,-0.15745235922839937,-0.000474704494044045,-1.3479618043899546,-1.0734921312486003,-0.8717393966581743,6.379706623004845,3.168764992573147,-2.090703873656648,0.9943535026093666,-6.8989896304024345,9.506482666525155,-0.5750461983346286,0.17147356907564673,-0.3697535563943446,-2.5221750803805665,-0.18786006334855904,-0.3986151026288944,7.892086754308969,-1.5907778814759317,0.13145207639584539,-7.7950802003948745,1.2056170288540273,-1.517314198721072,-0.08750798260365601,0.08801921426491727,-0.09494970637432525,-1.140913487730306,0.6685001350137946,-0.02641683117571202,-13.381181414050104,9.709827202604114,2.528030925711641,-1.8051183183799782,9.19886109285758,11.780794046220233
-0.1389305164668852,-0.06623211802176755,-0.10522160387246554,-0.257998787605205,-0.2509615854955993,0.0524236883011205,-0.29501216081324616,-0.9882644449246705,-0.11978712415434134,-0.14731474593894672,-1.0615199705206793,0.12261285610377297,-0.5811635921545875,-0.12293275930129827,-0.002694246034964799,-1.3693365155613377,-0.9517513816509627,-0.8091258216790709,5.84056198526097,3.0901769042956815,-2.03789416609737,0.992812086425952,-7.122055250316678,9.804435867405477,-0.5558166788899465,0.1852963421118854,-0.36639347690697605,-2.3878934082477006,-0.08261635624943144,-0.28077470122142667,4.970761018104268,-1.315219312645441,0.15855639948042152,-7.409889319938866,1.109721760970646,-1.0794104204497814,-0.07928438347776826,0.08613766378988126,-0.09629753117200626,-1.0694287208023323,0.6573969448482194,-0.012322536791482664,-11.201380050175928,8.427200781458371,2.3565538272714552,-1.5164144588651518,8.530899954566571,10.107748154067455
-0.1389305164668852,-0.06623211802176755,-0.10522160387246554,-0.2792617549530796,-0.25693724918998995,0.07080240844969303,-0.30633956417394703,-1.0410066823618467,-0.10774379428782148,-0.163862170854098,-1.1022567823541407,0.15701732688285866,-0.5811635921545875,-0.12293275930129827,-0.002694246034964799,-1.3693365155613377,-0.9517513816509627,-0.8091258216790709,6.001255420415104,3.2309350973074435,-2.089928416888802,0.9638927025383736,-7.1095751957878495,9.793074324511343,-0.5616168841549926,0.19407432758091936,-0.3678060257261442,-2.3878934082477006,-0.08261635624943144,-0.28077470122142667,4.5115589374870195,-1.2679643072376323,0.16706983181594706,-7.29512509490977,1.1061963583756242,-1.04407774665953,-0.07960072777342929,0.08480765804556903,-0.08958065003023628,-1.0694287208023323,0.6573969448482194,-0.012322536791482664,-10.72687120117769,8.131596686066645,2.2930764027603803,-1.4755631831046552,8.228143366668608,9.37892218003819
-0.1692977635229745,-0.07998647169952382,-0.10549822723858916,-0.3101543813426913,-0.27678494114677826,0.08018602298072691,-0.307569597451222,-1.1155498871032024,-0.09175503249021134,-0.18015260295960395,-1.1546435073583337,0.19596689371616788,-0.6196077693028454,-0.13314948892340905,-0.000579607340813101,-1.5162780290370825,-0.9864892871239259,-0.8843773130850446,6.181205340821874,3.3919973389094715,-2.1519626344195926,0.9366687203032485,-7.10780596274097,9.780174931915399,-0.6073193355023615,0.19700764605875543,-0.3876453613706128,-2.510447823287113,-0.07193877592013462,-0.26526235187876784,3.9808264581348616,-1.2124582308983491,0.1737848634919174,-7.190267971647908,1.0962824485473666,-0.9994708732963495,-0.08701602581804255,0.08376815298855911,-0.0972052865631247,-1.1031493594104131,0.6685683438302573,-0.00047944828152208163,-10.215900095054698,7.790954050485513,2.1941612252148737,-1.4311170087327845,7.872913132176778,8.567475867512997
-0.18083201024024798,-0.09408641056228363,-0.11495815359431898,-0.3299688134667533,-0.29647915683987164,0.10053769496096517,-0.3136023853823538,-1.1895913049175268,-0.08968215256093783,-0.20025270460649872,-1.19703689026688,0.2367498778538942,-0.6379770744407437,-0.13839910494087754,0.0015662183489206813,-1.56531199586447,-0.9850920948932306,-0.901012938876247,6.264465363605752,3.489379222589212,-2.1781987628836634,0.8954566436970194,-7.078288320530386,9.730237598433785,-0.6227434429941144,0.19768693183361302,-0.39088300675952037,-2.5477387194400754,-0.07198486428703216,-0.25887331490263576,3.3907553999483495,-1.1490649641390305,0.17946654228244663,-7.107388463298242,1.0885797085970683,-0.9756012682902804,-0.09668191881333905,0.08847407221884687,-0.10230106060894215,-1.122059343739477,0.6679909522985333,0.007092582959569054,-9.700519020286285,7.447375656058377,2.1036549377718265,-1.3941489095491144,7.530483280132915,7.840500371351612
-0.207431900133012,-0.09921803016377391,-0.11190186925292236,-0.39568926795334014,-0.32375098711729355,0.1313954107860068,-0.3243129044827038,-1.273840119270117,-0.07497144342997178,-0.23701479977923218,-1.2196075565078117,0.29845903916637206,-0.6674253783119634,-0.13143029514827032,0.004578989420282338,-1.657218225419281,-0.950521238426526,-0.9078600935491251,6.082988774235529,3.517221602872797,-2.145743049816082,0.7276092183921267,-6.83696796896834,9.399784254557126,-0.6536979796351889,0.20619863086277754,-0.40493461461657115,-2.5928223105836032,-0.011235718627754313,-0.20142087301072195,1.655005327729817,-0.9524641621200891,0.17088101692755686,-6.760672186048981,1.1489425488784177,-1.0744962870769474,-0.10218768793947829,0.09439449773520743,-0.0996099524191752,-1.132563799230798,0.6922706053696985,0.022107952884579875,-8.745409059962228,6.880160156533179,1.9928690208130753,-1.1990227018105408,7.034692940609801,6.711249067880556
-0.21701080193972977,-0.10331485559766652,-0.11249292789540057,-0.41891002953670503,-0.3332703198120937,0.14577181719843726,-0.3321330984435269,-1.3022901087600314,-0.0734136054175672,-0.2379047970060437,-1.209461361235064,0.29964073398563296,-0.6916392421696385,-0.13136633195425532,0.011718755158361887,-1.7145320242868667,-0.947222591384041,-0.9251966049956922,5.88922817547754,3.465517867697325,-2.097416685395401,0.5922830272521172,-6.577100289049791,8.998960073844135,-0.6772645893946394,0.21515965297633963,-0.42217083688277374,-2.638770127133383,0.006801198024072343,-0.1647699058420454,1.0178384399940668,-0.8715913461017852,0.21974293722922436,-6.474519486067758,1.1304742759454485,-0.9304193008886394,-0.10536643367570951,0.09318012583297457,-0.09821402905874059,-1.1532351748614211,0.7075833185673802,0.03284608815344933,-8.20142259126633,6.5357024699303015,1.9412648116924158,-1.084769944044572,6.680471587207899,6.059512148184215
-0.25115215820764886,-0.11310078253624642,-0.12077308046261358,-0.4820303243705327,-0.3609428119839413,0.16797113655700718,-0.33482953921294095,-1.314151996674176,-0.05111796148972328,-0.22576319880805273,-1.130108902537683,0.26381110914140293,-0.743100637713998,-0.12190747062449922,0.01651203080518971,-1.8146583100563785,-0.8956056425123949,-0.9050790412177334,5.4462279980454475,3.3129640081813014,-1.9312513221639895,0.2839474267779679,-5.8244889158482875,7.932746830502811,-0.7103123718037186,0.237397716176797,-0.4372109047963463,-2.717113251963813,0.05720788296729487,-0.08459852989216286,-0.32121248949950887,-0.6952876065446865,0.2965136565670139,-5.6928823388556005,1.1952220496410357,-0.7941493662618596,-0.11664765149513491,0.10638727622811306,-0.09267258332588633,-1.2502666714222772,0.7908097754428884,0.12521675383245362,-7.7040012050712425,6.334416178777054,2.017410584624057,-0.8370829556995343,6.2862905114019,5.2601556601112245
-0.2544474833033187,-0.10687395970899753,-0.12393359474615402,-0.48189011683088345,-0.35050616837880366,0.17082200549858986,-0.341255349019025,-1.28727423906404,-0.05243350265669994,-0.2148854384792166,-1.0895593347358319,0.23501551449980207,-0.7411336186216844,-0.10605600489146416,0.011914709532351828,-1.8252816518945358,-0.85742076012902,-0.8739230222000012,5.253594313930066,3.2288704499662355,-1.8684692823780524,0.21225233358289086,-5.631423695392237,7.66735154151336,-0.7085165101012971,0.24606581094116717,-0.4414059948872393,-2.6980575080815936,0.0774215271223697,-0.06480626931780177,-0.6678012004763968,-0.6453799610812191,0.3116915325427586,-5.490457441751718,1.206404149873577,-0.7347655250394866,-0.11426868259016297,0.1132812237628071,-0.08975945950055414,-1.2506433559399557,0.7987266465918068,0.12559905702290566,-7.5542677808600525,6.281064209702026,2.050842585275784,-0.7470220772111753,6.247701523434841,5.154502004311484
-0.24127636598897353,-0.10042201109202956,-0.11162659674825869,-0.45733480499258033,-0.3256405255420248,0.1517214562954982,-0.35933607076786167,-1.2002067829916805,-0.07448729169742019,-0.21537018987495146,-1.0212887800415216,0.18666419939562587,-0.7284491761152325,-0.0951240904479395,0.011577584257022336,-1.7731743057796634,-0.8080814716748209,-0.8148588612044598,4.861796905893237,3.0607575265891205,-1.8000898475665754,0.158544063057855,-5.562341018935566,7.529620471233734,-0.6918115855429658,0.25460782690819356,-0.43880012781630306,-2.6314276049013587,0.11588098270579189,-0.041426089826863584,-0.9911870302310758,-0.5931611515220383,0.32016438314590434,-5.414774295700521,1.1601351042454575,-0.5832263681319763,-0.11382386993460542,0.11044106763001478,-0.09247706934764532,-1.2455635424340157,0.8079481818756215,0.13119549285042606,-7.423226118085667,6.232970453587563,2.0919422645179018,-0.6500148035298091,6.25654335420133,5.154438915285092
-0.23165081027998705,-0.09768180736363397,-0.11468431046183218,-0.44850398418912635,-0.3159969248142524,0.13439843866558737,-0.3693309334330177,-1.1542944102717134,-0.07497009204761355,-0.22072339584092945,-0.9809783777751766,0.17412387761550577,-0.7306400406037906,-0.09206836838227586,0.016399494637549354,-1.7692143903363695,-0.7931124229203393,-0.818699251574804,4.7807541617287965,3.0141487020131716,-1.787594932691115,0.14672079311450453,-5.554139209657475,7.479426607799594,-0.6943483088600256,0.24362518867437186,-0.4268909781436317,-2.6262211122222694,0.11313057109570863,-0.04686041619638348,-0.9753585264012039,-0.5926819915449584,0.3183173820184751,-5.463787461816131,1.1064261099432304,-0.4721501193586496,-0.11214116576822858,0.11173583760799363,-0.09548134843399907,-1.2639725307303964,0.8217018466689013,0.1426050640327984,-7.428908051087322,6.248324248805342,2.1142900118113825,-0.6346502884151364,6.246255156454612,5.17079083763847
-0.23360535384937345,-0.09955821246359783,-0.11558384318640888,-0.44341213294709475,-0.3058449037801154,0.13062016624268435,-0.37293870059700174,-1.1341322240855258,-0.08610423218866695,-0.21715725112801978,-0.945339880046349,0.15705584309387693,-0.7376026828779835,-0.09481660683748548,0.011924003295756658,-1.7695264470772774,-0.7943015824100409,-0.8289681298482195,4.78233749178672,3.0175778987594657,-1.8160918472225938,0.1616385692832124,-5.624933295573095,7.507341584138471,-0.6923753427308775,0.25261143912633616,-0.434476462405056,-2.638994571647227,0.10306287355242277,-0.05951380693223153,-0.8441290348030503,-0.6099951514208133,0.31180984035390313,-5.585161465533416,1.0513031310587437,-0.3966048697608152,-0.11972198720313931,0.11914240187577428,-0.08985543112307777,-1.3062860122282565,0.8369726893693419,0.1714643263539755,-7.540554521058474,6.306156943584616,2.122342647468172,-0.6572300328548669,6.204384414491953,5.151180767363443
-0.2368412349205055,-0.08854703628649253,-0.11175590912706293,-0.4402619658142264,-0.30617664098251685,0.12187112383393765,-0.3756274110027299,-1.1033028465939607,-0.08987832160434368,-0.21853201159069555,-0.9084328836207021,0.1301002659828355,-0.7417007474890009,-0.09191070686294586,0.017974503548661973,-1.7828652424058242,-0.7951017242215332,-0.8356682690768223,4.757426574127215,3.0056225306743634,-1.8354648380713092,0.165382536894852,-5.657125323896662,7.499946575884845,-0.709549881139264,0.24929734646063278,-0.4428290123038581,-2.664228401197398,0.09452164178707395,-0.07353158478880671,-0.7231878104329532,-0.6275304698618999,0.29865880054364674,-5.705520766108252,1.0066867289115133,-0.3445987856602255,-0.12054583437897724,0.11494231972637434,-0.0960136364795842,-1.3472964238758522,0.8537536317126521,0.19376600989762263,-7.685157447008601,6.386030364836919,2.137724039535573,-0.681252237600922,6.173688138531116,5.150003616175669
-0.2354797078348918,-0.10111220147537321,-0.11862475460391173,-0.4322062134418109,-0.3061989540836965,0.12493071471477245,-0.3697451440034081,-1.0480276946431006,-0.08716139157072862,-0.19182552732837585,-0.8157199696188829,0.07775822363776,-0.7507052387206735,-0.09707393279167358,0.017055888922061245,-1.809543855204939,-0.7967015160921439,-0.8490887591600786,4.7006682993663675,2.9711873908117643,-1.8190099431233488,0.1285509278253172,-5.518110718118453,7.246360670101799,-0.7307663390916311,0.25874102335030524,-0.45717402536740886,-2.7126160682587828,0.10391268222911282,-0.05324700554990712,-0.7038222585207565,-0.6304281754265105,0.3194704726296773,-5.6379170976867,0.9693388170912812,-0.21540362239709276,-0.1241600810573312,0.11515540375150968,-0.09047192650990549,-1.4347782299469682,0.9021556833678914,0.25145407763672384,-7.847186889146049,6.5306804176747555,2.2412661564132104,-0.6405544413486982,6.19382836952644,5.164758761208321
-0.24478994324059228,-0.10256470524750458,-0.12413858588244743,-0.42848431215508226,-0.30438070970175274,0.12955108456017336,-0.365080189707117,-1.0260562288405681,-0.07157828428135041,-0.16058294172844065,-0.7720816951870886,0.0468654743848048,-0.7675828499588266,-0.10144822033862806,0.024612610896514894,-1.836485236587839,-0.7967569705499956,-0.8492225179135905,4.55756732967439,2.876784058879409,-1.7349495421835406,0.03814866496144707,-5.157778168949682,6.7433700279579325,-0.7543273686239157,0.25865215724020124,-0.4570178064498518,-2.7474184194758355,0.10668725321890409,-0.01976313280758419,-0.8523280391288638,-0.6043907209348032,0.39379116023328486,-5.247997983845213,0.9285887985819002,0.056606847050757025,-0.12858853838992879,0.12516034914674976,-0.0885069983098741,-1.4800773475888127,0.9432914019902625,0.28774629469557916,-7.690468914885329,6.485726463159436,2.291471142073496,-0.5275336367580429,6.102759177525896,4.973539764886478
-0.24321586680730098,-0.10522884566749445,-0.11905161290674929,-0.43971801969769103,-0.3139012839965683,0.14958982501742402,-0.361699161174712,-1.0449355781525111,-0.07231049067226937,-0.1541982730839737,-0.7652114459088114,0.03384548504432413,-0.7765687934815516,-0.10072584326343084,0.022561298394779526,-1.849971743394791,-0.8072912535529231,-0.8565822520155699,4.518003010097269,2.854501297151578,-1.7079516844773395,0.014016402249994252,-5.05970840426777,6.592671734913955,-0.767772014747048,0.2571691377481414,-0.4634753348399804,-2.763722907525174,0.10645089438002589,-0.01687443163307208,-0.9111875137105282,-0.5930952489461901,0.42202418579968803,-5.123000882335326,0.9019179279590247,0.16397080761449168,-0.13054734093987724,0.12804800853569462,-0.08824323756958324,-1.5023641733691089,0.9527281582995207,0.3051756440858191,-7.602866022720769,6.434138993043824,2.284334304033973,-0.4995289425243473,5.984287038838812,4.81177953270884
-0.2543363166428417,-0.10345237370915465,-0.12058068596682008,-0.44720885966097734,-0.31404734632316555,0.14179959947504084,-0.36013586540678527,-1.0491805325807446,-0.07490881011741408,-0.1582036840218274,-0.7513522410606662,0.04627761061524396,-0.797220086229804,-0.09375141011730623,0.030203112583888393,-1.8718244886894648,-0.7913836788342873,-0.8525758338753424,4.486325497334218,2.8427287360571807,-1.7218227017943741,0.01557778220469555,-5.106054896305786,6.595245975417754,-0.7788804718396078,0.25784926782718215,-0.47462884656557425,-2.7667587626336174,0.09946533638212868,-0.02869487189921169,-0.9926818667390835,-0.5736725842727065,0.42121086011719233,-5.126020890099617,0.8483646009838788,0.25471192273861176,-0.1310185798470475,0.12811672808267582,-0.08075214414549674,-1.507761833411759,0.9498781000718499,0.30109166354448985,-7.372257587294326,6.222229810657988,2.1837258866726064,-0.5090585851925921,5.719113094834574,4.4778368639197375
-0.2764494008580083,-0.12455519219664062,-0.11741437324108547,-0.47916232227909566,-0.3332540633541049,0.17238878717237416,-0.34802973389486264,-1.0625510536884128,-0.04906566341547534,-0.13193308147325794,-0.70119492309297,0.005703487292145659,-0.8481030743568533,-0.11230296187227874,0.03262413856640429,-1.959317788844025,-0.8133376315897837,-0.8908712946312997,4.4035459560592205,2.816138220985753,-1.6557357657502279,-0.08486286424391096,-4.725654632520218,6.085024184091537,-0.8529398188730543,0.2562653016226521,-0.5036739279437938,-2.8739190224588667,0.09832515853005523,0.012741550406606083,-1.3165676854212547,-0.5210570682404705,0.47247854295831404,-4.726193577604069,0.8862702489351382,0.3087738056887158,-0.16083124892671818,0.1447256104270384,-0.08237775428370778,-1.6175182015771963,1.0098906440048234,0.3724876169978854,-7.183688915908533,6.1383157718821035,2.1951505896135295,-0.4483093110177571,5.482062523513448,4.14232817886393
-0.3178544394549762,-0.15593498775857564,-0.13511937875986943,-0.5373121196665985,-0.38562359345803715,0.22921421840103617,-0.3365363485276572,-1.1147198728427343,-0.022402598042887776,-0.09733938443906724,-0.6470671549432561,-0.02527580687265498,-0.931299495422795,-0.12542050389433929,0.05971501744301379,-2.064065921619267,-0.830302106910999,-0.9195530987748858,4.15007981157112,2.6865490463604704,-1.53703497495768,-0.2053855355869685,-4.213271264842523,5.354230280174232,-0.9559993484764037,0.24741717715003514,-0.5320731747525085,-2.9830286658042104,0.07241931144705469,0.041350924048347684,-1.6787827964747382,-0.4501956499619802,0.5257820647122586,-4.192110699916622,0.9816232926277217,0.2642825615346056,-0.18525979805756013,0.16101883390563757,-0.07144990989790788,-1.7200654079821212,1.0601710781266256,0.4441974051059799,-6.816836048161924,5.860282809326376,2.0729518479637887,-0.42199739986298784,4.989255424027145,3.490551707215039
-0.3407225503256873,-0.16007862691562044,-0.14369936005496664,-0.5506165812366153,-0.4003855744633511,0.244784917101038,-0.3320934834967698,-1.1341296262100493,-0.0020530701948113586,-0.07209894135207416,-0.5982216893946773,-0.04409548049968653,-0.9459965805664599,-0.12335581084106198,0.06210130337234567,-2.0985005113385378,-0.838064502778093,-0.9360413590916127,4.088060207088886,2.65546624190278,-1.4972835959971114,-0.26045824120092664,-3.9001381826593353,4.919655173158323,-0.9925555391545738,0.23835041869417403,-0.5438871478868182,-3.0124223908029206,0.06741323894294235,0.04893611382392445,-1.8543771879758224,-0.4167099981455367,0.5402407268913184,-3.9952926561451987,1.0243880038722315,0.247919727180416,-0.19403400490795475,0.16135517809878308,-0.06540708060996264,-1.744841922592243,1.0731267486614806,0.4623520241088625,-6.718621694419573,5.770727732916504,2.0239073042593003,-0.4041408884096358,4.79506919791068,3.258318128795399
-0.33483540390269245,-0.15489362669349657,-0.13561947496975058,-0.5412199231196928,-0.40252539739534265,0.2363595709313695,-0.3265874395710153,-1.10284717858589,0.004332952548413642,-0.05557287987837862,-0.584132978532129,-0.06124564039468011,-0.9423681159068354,-0.11981855373185413,0.06082225006847028,-2.076158954452342,-0.8224345336678897,-0.9022070781837396,3.9397466735451387,2.5730179974311747,-1.434063969403713,-0.27715679702878404,-3.763674064527769,4.762441034732464,-0.9690081737670123,0.24165460969208988,-0.5366347871069754,-2.9753507923559,0.07868933542098042,0.06771574995434952,-1.9881172343747544,-0.3898215816337588,0.5678664470354623,-3.750730014005078,1.0357416749907709,0.35769018580950485,-0.1893355221638396,0.1555912458898494,-0.07429907242931583,-1.7465576336817727,1.0716416117355403,0.46130029877911805,-6.5571895579612445,5.673389362891009,2.01868601660034,-0.28344854353921795,4.715273810510637,3.155811608431902
-0.32290802524009454,-0.14375209105943096,-0.12489495316293678,-0.5240950443695499,-0.38417904085698895,0.2258844981249485,-0.32336273303680046,-1.0911990807011855,0.011271720124093141,-0.04063970420107576,-0.5957435056603404,-0.06289870172126631,-0.918843287138362,-0.11553184779847217,0.06052511153858354,-2.020246477133995,-0.7887175173394271,-0.8460952296963351,3.7922587841982645,2.4658590804822764,-1.3584573275341878,-0.29217447097612315,-3.682957074602821,4.681111343434664,-0.9482010198360145,0.24694780832030255,-0.5257444678058126,-2.907545969030796,0.10080147636793502,0.08257887176267983,-2.0859371311467148,-0.3634239238328081,0.6086452701649498,-3.665190760239374,1.003564214519498,0.46299869869903243,-0.18349050028652378,0.1581966224155082,-0.06672396361593123,-1.6597801913249168,1.0351867498824145,0.42155037112926624,-6.230645834408885,5.47626869394707,1.9849918528169481,-0.24523304382353564,4.656036409564471,3.107602611084275
-0.3288910265199047,-0.15080868825349325,-0.13361367467414786,-0.5338452467361242,-0.39067051968297806,0.23346526860349437,-0.31718814993564476,-1.1114634668590428,0.024305384382167144,-0.037610235557425,-0.5956278454775663,-0.06183409738465952,-0.9322529328671054,-0.11875790605376493,0.07346523595573783,-2.0492518817300223,-0.7849305869966418,-0.8471130015490076,3.7637117367972657,2.4704726862034563,-1.341553721330982,-0.3098636927687749,-3.6136986230313095,4.61436115793677,-0.9498674030118578,0.25207595776194397,-0.5268609213190918,-2.9210639912009397,0.11768333917876288,0.1004184974914855,-2.2534897373522886,-0.33378015468823696,0.6143819285503123,-3.5917511278121856,1.0410307635738631,0.42674918486972124,-0.18163264062611809,0.15811544471321629,-0.06964217688755327,-1.6591497158411197,1.0399437338970559,0.4219725582202335,-6.151941341909469,5.44055824183033,1.9871270950049138,-0.23612944497829533,4.618260685565585,3.063162931286153
-0.3329948053314562,-0.15642851579536596,-0.13801173522970456,-0.5328860412587215,-0.4008107562304741,0.23863686331070455,-0.3088190675104485,-1.1226040178450323,0.03534124103182746,-0.02969193978079111,-0.6056608413434503,-0.059730152210233055,-0.9394859510081117,-0.11649983270262612,0.07230003391801988,-2.0498194743335136,-0.7856916751603583,-0.8369972126971129,3.688555516292312,2.4320887077177784,-1.294238831158687,-0.3306116491161665,-3.497512632296926,4.509648411002691,-0.9595935899164046,0.25634792064936124,-0.5367231197514537,-2.924004270132228,0.1341305772559127,0.12948158579681748,-2.459670413344397,-0.2971407669848822,0.6281247567139544,-3.4789420722617477,1.0761471778058394,0.42017993109653295,-0.19037873764034643,0.16120484627549617,-0.0701887466960989,-1.652703349202913,1.0442995926395893,0.42940414477769373,-6.020010189449258,5.372444976618519,1.9789932713878937,-0.21119970108205588,4.593695538063555,3.0144633935972807
-0.33579597780588416,-0.16445038937456907,-0.12636796990323731,-0.5441273053389998,-0.4201137988919143,0.2703009242247437,-0.29395480333811047,-1.1799819620607117,0.0773574595684351,0.0025339888815861925,-0.6423987593642537,-0.06762855300215087,-0.9491594820612886,-0.12702707104315578,0.0865304615094933,-2.0670585722036683,-0.7763703787486108,-0.823863086776613,3.5871000585436428,2.391344386714743,-1.2126292237665557,-0.35722510764858245,-3.30649293346531,4.348686823726556,-0.9728456389794317,0.25453231510259583,-0.5438984046712155,-2.927842030905759,0.15027167611012793,0.16439878192770188,-2.70743524141108,-0.24514164199255203,0.6588886911086635,-3.2735647086589266,1.1189128088894431,0.44975796094258647,-0.18885650179013755,0.15978896267474682,-0.06446715725805031,-1.6123334388449597,1.0303392350602119,0.4125245278969394,-5.775218472383234,5.215848077029329,1.9208226059291844,-0.1793614672186155,4.516713339870274,2.9068598697879424
-0.3498891688434139,-0.17794546262899977,-0.13685790046267363,-0.5689992201078646,-0.4477243553678244,0.30435663106837735,-0.27925345186642087,-1.258208516361993,0.11079216882583728,0.01922808978241467,-0.6877218591634596,-0.05538269957819088,-0.9673551337375077,-0.1263558462387064,0.08774703367172845,-2.094769919788414,-0.791046060557511,-0.8334267135805227,3.536394297031881,2.3804545450797536,-1.1894160460250256,-0.3805966168008385,-3.247045382806039,4.32031917626975,-0.9919886965230297,0.24994403815426164,-0.5436084968158444,-2.94055763821176,0.14730165939661724,0.16136680077387505,-2.810590495688005,-0.22267417315880728,0.6462978912131909,-3.2254285462481938,1.168634387139981,0.3698778018821445,-0.18752093922462115,0.16114303196926205,-0.062072151875030415,-1.5840496876055408,1.00604763691128,0.3716982964779267,-5.602538472859218,5.042766091391528,1.8167031430259795,-0.20789147524792825,4.352033793298708,2.7448915908233142
-0.35013368861547195,-0.1803367252986347,-0.1345912340941077,-0.5793856659048102,-0.44598067335174274,0.30274330124919546,-0.2743297345353125,-1.2899036374901733,0.12134955267593014,0.027769890452641117,-0.7027515553741621,-0.057502686787079774,-0.9689488265970129,-0.13670201820225703,0.08809765484838951,-2.0873737094759925,-0.7885078420307652,-0.8282479916351231,3.5110607390114494,2.3726537733066735,-1.1730406315314403,-0.3967766863463947,-3.208808692418648,4.2975388485609205,-0.99450258888546,0.25631904779378967,-0.5509426539579084,-2.9269836315237345,0.1549019870328281,0.16141888218244832,-2.902436009432955,-0.20289045769067326,0.6442809418048265,-3.222192574748589,1.2032527409950107,0.30145629168949273,-0.18629113840660266,0.1555052879461614,-0.06937208682503457,-1.5441970275829657,0.9826333121041128,0.3500500329154689,-5.486533997815994,4.945441534664933,1.7668729548546198,-0.22283394066968976,4.281498299496058,2.677042838383837
-0.362591796946476,-0.1946641893728222,-0.13983645723055751,-0.6157993216718686,-0.46972234949514113,0.3444769334272884,-0.26194243627643476,-1.3732062620415544,0.1736737473491316,0.047288790998659104,-0.7594028127073744,-0.04193556371472576,-0.9733429684051479,-0.13132912559468443,0.09947375987989343,-2.0917592921607038,-0.7549636142223486,-0.7906530187882002,3.339544197403849,2.338046623059871,-1.1167959703845847,-0.44301563444302244,-3.1029010666872154,4.281408915480816,-1.0002944877605162,0.2530276765135798,-0.5549947306656625,-2.911308817997124,0.18877303818005828,0.17583896781872127,-3.3149737583888785,-0.1219546448235502,0.605333896152853,-3.169817183601208,1.3255423283322672,0.09040558086858697,-0.18335567682218173,0.14842980767128378,-0.074124723499905,-1.454912636187345,0.9321477839377772,0.28701042261692183,-5.159548987075507,4.696979827540818,1.6344906924000075,-0.24385752503143265,4.110602706614622,2.49900135240056
-0.38259726340836087,-0.2061394350877472,-0.1420903131228589,-0.6364453335696318,-0.4938714220634606,0.3782947201809871,-0.24328233067236982,-1.4376601497943116,0.2215980515037259,0.08481078345883329,-0.8030636520930208,-0.03682776016426671,-1.0045705498912958,-0.14387886096496696,0.11381770576159794,-2.1194982641362956,-0.7539009963502056,-0.7820464903842124,3.1859976247554247,2.2791603663995277,-1.0368555699553206,-0.48362365057728385,-2.937578631881916,4.147357802085072,-1.0189154312127837,0.25392638413808283,-0.5623916320176198,-2.927477288736786,0.20371572039052913,0.2022223572355183,-3.55384604162691,-0.06888920559447029,0.6024143231765933,-3.0608521389419545,1.397524535121338,0.015928477428648113,-0.1865809568472095,0.14854296339219913,-0.07587399713583955,-1.4201989108866342,0.9123965305955947,0.2583970322374532,-4.905905544933295,4.500539961137593,1.5530947118023675,-0.24634103605587973,3.9409660889335925,2.3234290786341902
-0.37777024592298747,-0.21630785910064929,-0.1395875644837728,-0.6441979434479514,-0.5083491200684377,0.398950839349636,-0.23634092872082882,-1.4827575452942436,0.2625448276120692,0.09379552885045292,-0.8375512455530202,-0.01839223702721798,-1.000972547901345,-0.14047657290045568,0.1125252715749377,-2.122079751799753,-0.7407434478079203,-0.7694153898589959,3.042360431741912,2.2209793080362306,-0.9931601924597927,-0.5236877563987469,-2.836881827396813,4.070466945844694,-1.019290592013295,0.25333636990567526,-0.554235204675951,-2.901427671770439,0.2071553860300014,0.2002577213801404,-3.688063087068821,-0.0356358245873292,0.5865460283544865,-3.014702176733127,1.4586169633738906,-0.0789099910629264,-0.18252606914703579,0.14284585653821993,-0.07495836729557868,-1.3589123383291335,0.8688049897496751,0.2130370556321511,-4.698263695935705,4.324508302579928,1.4674126503616847,-0.26542356738343464,3.7962124718451014,2.1987522037689136
-0.3737212049493206,-0.21251232402651007,-0.1355051966329749,-0.6449630746880378,-0.5018316890179415,0.39114680866534796,-0.23219858716596883,-1.4901445848427974,0.26551568542896514,0.10629898791336327,-0.8588718160139099,-0.026739506218952432,-0.9917096916100508,-0.14215561051670017,0.10913432371315454,-2.103774422445373,-0.7376619481156014,-0.7592012555020792,3.013485644878436,2.204762998673564,-0.9761515255756525,-0.5394926633508632,-2.794595383862302,4.049284592410008,-1.0118428112828552,0.2520542938328465,-0.5520637050561246,-2.8712349497315945,0.21354533954341154,0.20042958710659545,-3.7520616435033056,-0.01753008119135508,0.5840497498953722,-3.0048646269234,1.4741306294373693,-0.10544750117835516,-0.18045992853114043,0.134365840401895,-0.08960185864690678,-1.3164903279489548,0.8439912754037903,0.18768896829227408,-4.569368280146075,4.21745870149539,1.4290472587090177,-0.2700269645026336,3.7424441621784967,2.1528120370646016
-0.3663710909239416,-0.21873392421795945,-0.14361700949710346,-0.6379477158170281,-0.5030460731349982,0.4036948962128357,-0.2236404662354378,-1.5083013561321597,0.288279283415843,0.11888042662748044,-0.8913064975758188,-0.012888693063735874,-0.9828428324980116,-0.1522826446346342,0.11641944044992687,-2.0867512289642636,-0.7520373482097938,-0.765363017493207,2.957918312949304,2.166810529257864,-0.956235035234134,-0.5653659799840519,-2.728181131005271,3.9932288993991296,-1.0131227308723758,0.24820901517308377,-0.55389504534568,-2.861731925879134,0.20242376950775862,0.18491040494139316,-3.7077664785826037,-0.018048895981537718,0.5804696921142063,-2.99900109687462,1.4796175484213152,-0.12192442083590171,-0.17008309888354214,0.12978253003795712,-0.08810118709190404,-1.2714013125466612,0.8096354857860139,0.16328814320779128,-4.3681503026919195,4.0407414717136465,1.3494598155261537,-0.2831087290930051,3.619459293155153,2.0538861234185024
-0.36265395370972914,-0.21765390988564268,-0.13530218788419626,-0.6284420291737443,-0.50344915054879,0.3957390415520748,-0.22390224257638566,-1.5092865359461272,0.3010855585499572,0.13096975296682895,-0.9005186308651257,-0.010916470094929224,-0.9682647158065459,-0.14912035735895132,0.1127645784628203,-2.0587825766244072,-0.7425996719030524,-0.7505016535549119,2.9067639787789545,2.1249494317652133,-0.941085980732325,-0.582003788381785,-2.683260565260732,3.9508061023010677,-0.9985421894109532,0.24847044834692159,-0.5581571804975224,-2.825620902857528,0.20304546380239702,0.18102808346602864,-3.7237283646954533,-0.0072007481983313686,0.578698528496491,-2.9933975959236108,1.485159296056139,-0.13654442685954704,-0.16455636665123055,0.1253793988346755,-0.08874255382605203,-1.225672294551172,0.7737123073355141,0.12923535135313535,-4.1880804887344185,3.903174373632196,1.290431615017089,-0.28090776166498693,3.550602659744665,2.0044647259472055
-0.3645235325143005,-0.21488197562445868,-0.12806950228538874,-0.6267281571185915,-0.5015453348387665,0.4004493132610353,-0.22672717646256904,-1.4881087213163997,0.29840072874200396,0.12522712589889085,-0.8973521767521837,-0.0032804289797948322,-0.9735547325938202,-0.15210841211464746,0.11175305566389403,-2.0525420853531853,-0.7382564573004289,-0.7464476531993227,2.8605352363726144,2.1063895233078456,-0.920875568228976,-0.5944914574977201,-2.6292601893754495,3.895680494006413,-0.997333459826449,0.2480222570290495,-0.5477733321563508,-2.8287546365648435,0.20314296358259754,0.17846845858910063,-3.756764968930661,0.0017308185070069038,0.5765453618869055,-2.9820589074540695,1.487887287356234,-0.13615940269510124,-0.1616517672946444,0.11964628759708876,-0.09752860164825225,-1.2187155455700716,0.7765323857320323,0.13560224713547558,-4.148379927164798,3.882684640019476,1.2973291954303976,-0.2785172548552947,3.5351524760625903,1.9818577479503043
-0.38644426139782284,-0.22760368873799636,-0.137537959615765,-0.6540389123108925,-0.510519613867353,0.4263195045503098,-0.22246617778154926,-1.5117004352680674,0.3242361910761967,0.12740418454259778,-0.8773351037580003,-0.011612179072059171,-1.0123702097928662,-0.1596398391086433,0.13177248547273987,-2.105091083155832,-0.7535774425228936,-0.7622491537481291,2.7673331172568534,2.067781138496121,-0.8750969780953348,-0.6140706259901827,-2.5174416837977636,3.7755527316869193,-1.038680886990987,0.2470553807309431,-0.5677012946963301,-2.883833685479795,0.20780524389379573,0.22069686342450648,-3.849589798799295,0.022102190297106573,0.5886861561376613,-2.901185955414896,1.5130991412705508,-0.13559932125982632,-0.17157471386726986,0.12983046954718813,-0.09064038520099209,-1.2436072367741613,0.7953866352933416,0.15442259823649793,-4.1119223353417755,3.8693213904136985,1.3038864270828021,-0.27047193578686624,3.4811503155614743,1.9257404398587163
-0.38644426139782284,-0.22760368873799636,-0.137537959615765,-0.6540389123108925,-0.510519613867353,0.4263195045503098,-0.22246617778154926,-1.5117004352680674,0.3242361910761967,0.12740418454259778,-0.8773351037580003,-0.011612179072059171,-1.0123702097928662,-0.1596398391086433,0.13177248547273987,-2.105091083155832,-0.7535774425228936,-0.7622491537481291,2.7673331172568534,2.067781138496121,-0.8750969780953348,-0.6140706259901827,-2.5174416837977636,3.7755527316869193,-1.038680886990987,0.2470553807309431,-0.5677012946963301,-2.883833685479795,0.20780524389379573,0.22069686342450648,-3.849589798799295,0.022102190297106573,0.5886861561376613,-2.901185955414896,1.5130991412705508,-0.13559932125982632,-0.17157471386726986,0.12983046954718813,-0.09064038520099209,-1.2436072367741613,0.7953866352933416,0.15442259823649793,-4.1119223353417755,3.8693213904136985,1.3038864270828021,-0.27047193578686624,3.4811503155614743,1.9257404398587163
-0.40639646076367253,-0.2384409485250585,-0.1460195756033511,-0.6907927333686112,-0.529692207492817,0.45245615848347587,-0.21926663066005375,-1.5172382454499842,0.3322468033446232,0.12047767268634961,-0.8478188167433134,-0.021565079150197227,-1.0527317259808728,-0.16640570785471429,0.14925700603640638,-2.13366217629972,-0.7507808873540374,-0.7555478234462616,2.5850012216316003,1.9772721363634416,-0.8033987982103893,-0.6300791983896913,-2.351882059848223,3.5678409619892593,-1.0852270865498583,0.2398927779953404,-0.5859595223530047,-2.9367744234699007,0.20003852867865862,0.2415288991963599,-3.8867827447672,0.04064054612252939,0.5980140667046523,-2.7512525904208185,1.5459072757361316,-0.10933870428209058,-0.18312265269056685,0.14003573639281444,-0.08592602729182008,-1.2615473002272737,0.8059530526023982,0.1678861605653966,-4.045685688722375,3.8320840135859844,1.2976880774047341,-0.2621813807200255,3.3405401154295316,1.803931239658137
-0.41611844342162674,-0.24204341994793752,-0.1555383128976588,-0.6889189635302805,-0.5313553422032828,0.4537296105601574,-0.22473143550048802,-1.5145312829097493,0.32160956901598475,0.11247209578656027,-0.8348470601496242,-0.021239690457005574,-1.0559294768326777,-0.16321281221357686,0.13989420785544196,-2.1340378183493645,-0.7467114013697475,-0.754016975842663,2.550790429178388,1.9591191422339027,-0.7929800806928876,-0.6337132116411951,-2.3500030347339154,3.540616498626086,-1.0941500566226017,0.23716710854418324,-0.5863684736418873,-2.927024257804681,0.19175562784761443,0.23048511670009733,-3.8543232331870785,0.03690015334947794,0.592664252420083,-2.724373095539534,1.5528648331280943,-0.11009486347146669,-0.18195760976654748,0.13441244943737937,-0.092130151245908,-1.259810210989082,0.8121859787581851,0.17140602224136312,-4.030079738486966,3.8094615166609658,1.2824022702643993,-0.2553951364260489,3.289384904655912,1.7592295722910092
-0.4073771808720224,-0.22938276061088797,-0.1520058544582011,-0.6799251156744179,-0.5200607873028912,0.4394587728671594,-0.23785686205745685,-1.4866279010909746,0.3029318945002799,0.08897617739675957,-0.8157491357136085,-0.010475639739354555,-1.046083274218279,-0.16316745774820718,0.12387034061483101,-2.1053454865375247,-0.741561475161628,-0.7425025071135465,2.5303353733205625,1.9405259442057081,-0.8079002047731181,-0.6293461615512262,-2.34341433231734,3.503787475765382,-1.077510767979881,0.2359152791773448,-0.5749503437899689,-2.9116435915113685,0.18307119130146218,0.22852534154392215,-3.7730812329424035,0.025707485253167215,0.6036945568713273,-2.7142180687836106,1.5200087261782445,-0.04568558036718695,-0.18215476855511034,0.13307604178368465,-0.08564468912200356,-1.2535441979395625,0.8023085926830538,0.16243892089638584,-3.9675802383592673,3.7662228708513186,1.27295595674397,-0.23886338294744708,3.221713415650379,1.7172580089314764
-0.3994477282264838,-0.2226979459080872,-0.13736541373149172,-0.6706931749759564,-0.5123806476991593,0.4206806783041972,-0.2465826732977254,-1.4646663498855534,0.2706054424619229,0.05653462848879721,-0.781917617785434,-0.0055591536152823275,-1.0297538194895186,-0.16029022034600465,0.12030824566960341,-2.094391287422518,-0.7425477509703423,-0.7507638063475552,2.5604969727932847,1.9407070417323948,-0.8322407572609629,-0.6188520025562518,-2.409262509289015,3.534244771732779,-1.0687700929390684,0.2344263193479669,-0.5645823353270641,-2.908880816633465,0.16333419939872781,0.2059940328687982,-3.6382707759617006,-0.002555052522870433,0.6079239652543347,-2.7438007670788895,1.4694240756653294,0.018619579950774567,-0.17682708745454925,0.13145064143438132,-0.08869183634701094,-1.2536329481152269,0.8054994281886484,0.16713076185302378,-3.9761205797328674,3.772352066531935,1.2896677016796108,-0.2231718868443105,3.198425195065955,1.706161240999865
-0.4056892004025075,-0.23155095118360922,-0.15025440578143107,-0.6719005892729331,-0.5074479755148164,0.4158026075479289,-0.2518613419971423,-1.430610188585777,0.25141299538025574,0.05507797038060955,-0.7550091458788073,-0.011208442142263235,-1.0366768596424532,-0.16442634419515154,0.11706206576315095,-2.099384950723348,-0.7477323053338177,-0.7620278895122664,2.5833299512161356,1.9448476336239984,-0.8379817711204863,-0.6090793294454143,-2.3873116804308663,3.4793411754642993,-1.0725593420480417,0.23271298813188962,-0.5664315686556468,-2.9341447726367007,0.1568835055750038,0.21010331364046658,-3.619125455053739,-0.010063940235462442,0.6178609598370246,-2.7090470325439617,1.4544878023138668,0.07308638204862167,-0.18443307239629197,0.1359591554010517,-0.08185054496499533,-1.2750406438440816,0.8241725030204222,0.1825023483486872,-4.007862846676148,3.804015248796157,1.319100737401415,-0.19451439953937566,3.2198934391086125,1.7231489100358122
-0.4160922926484612,-0.21852538379878378,-0.14742157450748872,-0.6441176376885369,-0.4968777098304442,0.3869475243428878,-0.2646438005840348,-1.3497092169901015,0.2204961339340015,0.042852571833159624,-0.6763442639219641,-0.047548789806664306,-1.0515937094022711,-0.16131930026196908,0.1248978151326976,-2.0901523689860455,-0.7540377171434777,-0.7659155529103576,2.521583361628663,1.8871733695595145,-0.8145373387111353,-0.590953892771487,-2.308979448135427,3.329982851322776,-1.0984291935551196,0.2234624128401596,-0.5624834377838281,-2.943312976443236,0.1392785054793875,0.2339577840923684,-3.4735080227229806,-0.034217952195698474,0.6677693293943056,-2.601419323484024,1.4032780135750733,0.2403834534089654,-0.19216627741444028,0.14455823610883334,-0.08356867528242212,-1.3605745743865518,0.8738105162216409,0.2442519750495078,-4.0764776074787585,3.92815722338932,1.428458397344913,-0.1455042302609916,3.2540595757216666,1.7511694026596594
-0.39735256630907545,-0.19946077163355727,-0.14018212507873815,-0.6309290025066023,-0.4890891457314671,0.3707299129476633,-0.26996257845551414,-1.3200977520385664,0.20052025919341848,0.04361677605440926,-0.6610870157341057,-0.05519231607969607,-1.0371460235575205,-0.1603496376969879,0.12374614468623063,-2.080646569971148,-0.7502521698256825,-0.7666166394278329,2.503769822582397,1.869564006035926,-0.8061791758159085,-0.5850129108108681,-2.317508727451647,3.314908873970103,-1.0843085754817656,0.22704744984108974,-0.563747526606414,-2.9360348849589624,0.1307837432990536,0.22752791605211142,-3.3726672539800666,-0.052662112836299534,0.6764318338012818,-2.59966701539561,1.367930346074339,0.30186339906119536,-0.1870480533055807,0.14298109327463232,-0.0824630680942377,-1.368446102808671,0.882233735534991,0.25135101881998534,-4.109482123991307,3.95384221565518,1.4372613223490687,-0.124578792477469,3.2822908479396187,1.7806434183798863
-0.4034631269177156,-0.20398575846691236,-0.1408577561171732,-0.6237940993610749,-0.48061577524754656,0.3696500503611611,-0.2737539448246305,-1.2814344236578183,0.1812739771266504,0.030955100533802557,-0.6189429168965385,-0.060990742018884235,-1.0392057031781743,-0.1573633192907959,0.12703156790290343,-2.0837534667590014,-0.7626825386884258,-0.7733180925493629,2.510898453361836,1.8645488276541953,-0.8126489744300451,-0.5720321839421264,-2.2874489248331935,3.2358834733297575,-1.101348395114106,0.2203518957633049,-0.557085699946426,-2.966386803594933,0.11839281105291602,0.23284539139549387,-3.3082010731388554,-0.06693103352396296,0.6974655654290774,-2.559146080833444,1.34431074977947,0.37051664664289946,-0.1989835476521109,0.153170214585019,-0.07400705589947862,-1.4222887888463451,0.9126394228899959,0.2882714290347574,-4.199427139483309,4.048288489206112,1.508416760991011,-0.10025632830977027,3.3198175251551225,1.8174495019848456
-0.4079407590855751,-0.21214279735313582,-0.14394214464395338,-0.6264696341373063,-0.48742645451459743,0.3702536322449115,-0.2717314151447969,-1.266114227240889,0.17391486223582475,0.03382128302938379,-0.5965871245143624,-0.062319760706881874,-1.040842337082909,-0.1639922083481927,0.12737337847071223,-2.0944554642316073,-0.7737038074945645,-0.7847660607289099,2.542078386757697,1.864707797197542,-0.8141295268337178,-0.5640668495626163,-2.2749742167539626,3.205146807397656,-1.1100227805525424,0.211241986092702,-0.5431507346774856,-2.9847000708213356,0.10930764173907759,0.23404884971071102,-3.2751303193533032,-0.07423224921721852,0.7031488479311134,-2.5327020051992335,1.3348275282718838,0.40092058553555954,-0.1960866673702679,0.15583937267444267,-0.07341248455976936,-1.4585569072919713,0.9324390010257125,0.30572475893092377,-4.262311051859136,4.085940404664631,1.5322062255163953,-0.09733579255251516,3.3182982857249472,1.8182081207288985
-0.41381184469541404,-0.2155515514489917,-0.15188803908547208,-0.6239085656396279,-0.4893526780850295,0.3656552559978416,-0.2733688960175668,-1.2378680995846083,0.16596451950638014,0.029422632117619283,-0.5487988763289551,-0.07106467351251249,-1.0609515074435116,-0.1707376662511056,0.13686216276096008,-2.087509876000433,-0.781112311884773,-0.7816985740453595,2.485994971643395,1.8130289729117033,-0.7835982126297701,-0.5498430104329759,-2.2307817797445573,3.0906585511246174,-1.1424886077753098,0.20907143426101543,-0.5551277592139745,-2.998459712534225,0.08874904021383552,0.23123650989192537,-3.130390620946544,-0.09566138505030469,0.7250811190460996,-2.4526036195514487,1.3043501460576443,0.49508065337718,-0.20677010700847764,0.15900445677871136,-0.06993751515973091,-1.4905393053819946,0.9504360174530332,0.3273170331822237,-4.267459287868552,4.089877358238864,1.5312268076457642,-0.1006430961194841,3.2771688977922873,1.7846866498522935
-0.41381184469541404,-0.2155515514489917,-0.15188803908547208,-0.6239085656396279,-0.4893526780850295,0.3656552559978416,-0.2733688960175668,-1.2378680995846083,0.16596451950638014,0.029422632117619283,-0.5487988763289551,-0.07106467351251249,-1.0609515074435116,-0.1707376662511056,0.13686216276096008,-2.087509876000433,-0.781112311884773,-0.7816985740453595,2.485994971643395,1.8130289729117033,-0.7835982126297701,-0.5498430104329759,-2.2307817797445573,3.0906585511246174,-1.1424886077753098,0.20907143426101543,-0.5551277592139745,-2.998459712534225,0.08874904021383552,0.23123650989192537,-3.130390620946544,-0.09566138505030469,0.7250811190460996,-2.4526036195514487,1.3043501460576443,0.49508065337718,-0.20677010700847764,0.15900445677871136,-0.06993751515973091,-1.4905393053819946,0.9504360174530332,0.3273170331822237,-4.267459287868552,4.089877358238864,1.5312268076457642,-0.1006430961194841,3.2771688977922873,1.7846866498522935
-0.4125805373795328,-0.22223504451318246,-0.14808502055953376,-0.6198974701400863,-0.48401422258416454,0.37100183888040145,-0.2665685572159903,-1.2149913465945796,0.17141947588383,0.03291383911052898,-0.5230760107130378,-0.08710805162851783,-1.0736911042422401,-0.17387797263206115,0.14157158709609696,-2.0996022743868763,-0.7821284735067772,-0.774021904079972,2.39380277308516,1.7527082953310658,-0.7348937302568672,-0.5458726245603351,-2.1192344429805954,2.932100067476706,-1.168310423457463,0.2040593386910556,-0.558652706591659,-2.9963806010574636,0.08242482179375704,0.2421202489577196,-3.1652023836525913,-0.08118028205025994,0.7368638716495014,-2.3678984850088143,1.3060353817018124,0.5307366542930156,-0.21973949103645654,0.1650014369893757,-0.06443496875016488,-1.50295080077029,0.9576325223237848,0.340978516914403,-4.255034119058735,4.079465027621745,1.520235018656066,-0.08955342199403125,3.246251532120416,1.7510427390293484
-0.42050171027645894,-0.22254714702888292,-0.13754699979744678,-0.6187922467938863,-0.4889078011655037,0.3769837418420454,-0.26073445489650976,-1.218921292034359,0.17976828316193674,0.03661177717371542,-0.5125637365610214,-0.08113957880126452,-1.0775562565216055,-0.18333728774752633,0.152450538633186,-2.0855184665880757,-0.7819620891019333,-0.7724035149316283,2.3370233840316335,1.7233569895768786,-0.7125233259630714,-0.5357697748516423,-2.084041469597793,2.877159817223942,-1.178499890072254,0.1990594551734996,-0.5555853998413227,-2.9830321924420726,0.08238016241514232,0.24596533896695827,-3.1629073675719175,-0.07485610135037798,0.7493180063094136,-2.3117239161308842,1.2949705526054267,0.5732429229201021,-0.21980474765308144,0.165008438084665,-0.06335941887785769,-1.5070907646673,0.9563257107174988,0.34712313999435224,-4.199668987554515,4.032639052899912,1.5076653796332686,-0.08688374047525915,3.198729534623378,1.7098033255490563
-0.4171509249676832,-0.2294581166536558,-0.1442548763142842,-0.6175018569226021,-0.49211265282088634,0.3823572696898149,-0.26319100591158223,-1.210439735468481,0.18068695381409883,0.04982571081737972,-0.5088751697408429,-0.09579009903248017,-1.0722289120557504,-0.17676771893826865,0.14977424039914658,-2.064798339696275,-0.7659673427742332,-0.7512938220371743,2.297851197943616,1.6924209450196699,-0.6974315379945423,-0.5353926612273027,-2.0477576387904506,2.83339426789026,-1.173751846559958,0.20268694383006144,-0.5500969695387454,-2.953063879782931,0.09138340849270361,0.24744965215630238,-3.120443372382238,-0.07414119984880145,0.7483228637326242,-2.2736838034909406,1.280084948958589,0.6090053374729941,-0.21382010210000943,0.16064018312547948,-0.06792498704653277,-1.4854315082731453,0.937390840558766,0.32669577684609324,-4.140954354845337,3.9787595932293605,1.4836277594808542,-0.08068956983194929,3.1644607425119124,1.6835117926184626
-0.42074342560594696,-0.22735784062805386,-0.14663586679145513,-0.6262483731535644,-0.4849697001286703,0.3878572905204389,-0.26186558536984705,-1.212211012167179,0.18396263155238207,0.052589935367255786,-0.5087595783641187,-0.0930686608123359,-1.0759268192143903,-0.17502649183908137,0.15078993902741866,-2.0772466732669113,-0.7656192362190654,-0.748508054324217,2.228026008116476,1.659779243882072,-0.666661032652709,-0.5352491495660633,-2.028629973091479,2.8152477932238265,-1.1702763083049212,0.20673328664298754,-0.5549713468221388,-2.9507210585154433,0.08997712053383079,0.24661498534290982,-3.1499650199249425,-0.0642856233682276,0.7529937640437415,-2.2588303863984622,1.2741875903452204,0.6228929773130472,-0.2148981215285032,0.1662240822093036,-0.06462213445835731,-1.468748261558939,0.9299419112090997,0.3159520462028002,-4.101351119189161,3.95181902964434,1.4685555372342203,-0.08027151420824609,3.1362144758886847,1.6600370825236435
-0.4308959984762524,-0.23658214347412893,-0.1601716880889159,-0.6336448794826975,-0.4978120959448339,0.4066431951708728,-0.2553970721022139,-1.250115063177083,0.21441182110067164,0.06661637421066981,-0.5323301619299867,-0.08929668587187037,-1.0888416096936882,-0.17512653343438386,0.15756599133632826,-2.084180120886712,-0.7577615917845766,-0.7311255178187419,2.1894375062797766,1.6424656039086838,-0.6392434478194685,-0.5372734292842589,-1.987844873016348,2.7833972137505025,-1.1915667750366399,0.19802336376075214,-0.5549709944227779,-2.9410270521596917,0.1011430859411495,0.26119179751047866,-3.1911508258074734,-0.0455162593145154,0.7536401968933404,-2.188784423475433,1.2716349278042713,0.6597821469739383,-0.22208495733079647,0.159548729578094,-0.06626256646424528,-1.4277284471827583,0.90344400795378,0.283727719999082,-3.971243206243571,3.830753716111612,1.418607782149088,-0.08256158880150355,3.0074158267124034,1.5702412735162106
-0.4403767451068396,-0.23536892741107635,-0.16058339234888247,-0.6438434820191572,-0.5024070903848933,0.417596267223858,-0.2548925426298381,-1.2604163652797697,0.22016636324267203,0.06577027941152513,-0.5444185979037817,-0.09297239099411075,-1.0870141518188021,-0.18050355596275644,0.16021967005569335,-2.08378890081973,-0.7606815305242649,-0.739529327954882,2.159093508231926,1.6277647647918545,-0.634097251411857,-0.5381785707946954,-2.0041943198997183,2.79967232214728,-1.188161515936245,0.20186231517324568,-0.5575941107573396,-2.9265634675858876,0.10682811268151741,0.268425151668812,-3.196130524587491,-0.03968178123818497,0.7491484988908543,-2.179351608673979,1.2583173160536627,0.6731917437161019,-0.21315649226860658,0.1564718832635695,-0.06798391921313338,-1.4048466576545753,0.8876734339031747,0.26278278726956356,-3.908724684300175,3.7709288540203816,1.3779335405718183,-0.07932482918398887,2.9594354004782195,1.5186849113121104
-0.43256682936675234,-0.233120895430487,-0.15679001274694504,-0.6413692079193858,-0.5025465776579913,0.41473617210604635,-0.2573551651127035,-1.2679677093430737,0.2284458322938412,0.06915036959790896,-0.5510431686538558,-0.08316809482328545,-1.0778888495804,-0.17538008286611367,0.1542326654191608,-2.0543579862328185,-0.7415924932196806,-0.7082239101902421,2.11381609574343,1.6075084281830403,-0.6169431998201292,-0.5379021220384405,-1.9852185572198318,2.781816536883375,-1.1780168990875604,0.2034777251787755,-0.5571528308200965,-2.8913436481245376,0.11048716513198133,0.2602946610263437,-3.2229309239325947,-0.025121401325937334,0.7473450404360716,-2.150794388836425,1.2467221211921946,0.6940157073546789,-0.2107372584022185,0.15359885896604947,-0.07306718551328113,-1.3626569369949524,0.8675941440165871,0.24182986259755404,-3.7943805304321807,3.677105115904374,1.3438630669610203,-0.07758329787457117,2.886346824920757,1.4698310951096807
-0.43636360916654054,-0.2307081969395389,-0.14800115745850645,-0.6464338934482818,-0.5057362554657444,0.41936314554892606,-0.2539516578526895,-1.2839124131494237,0.2324498782516012,0.07565549137456391,-0.5662326947248362,-0.08298751965364211,-1.081288665193896,-0.17812822114728338,0.1520972025077917,-2.0576459750130742,-0.7372188102135203,-0.7040219471129633,2.0994794383811493,1.5982738901010882,-0.6099746670015359,-0.5417771401434847,-1.9982071987245122,2.7908992325482975,-1.1676980130097412,0.19888584963084752,-0.5421026412996992,-2.878032177942197,0.11742239676309121,0.27238869731085275,-3.1969734612153666,-0.02552427684877577,0.7534458796978017,-2.138062515478169,1.2350705913981197,0.7137566043970102,-0.2094762709334154,0.15358801826659546,-0.06629817618321378,-1.3434012083830027,0.856950683633742,0.24132693670652483,-3.7249676052288008,3.624158525367416,1.3340365671539989,-0.07388332993462719,2.8509940259258,1.4324084185587023
-0.44011200090152575,-0.23053597202845064,-0.15138125866786212,-0.6529286892840533,-0.5021577857788443,0.4220268210049169,-0.2535934094569002,-1.289027274408266,0.23465847058223682,0.07095473916229883,-0.5783718161288766,-0.08170836378137662,-1.0799580583086477,-0.1760474286930332,0.15997986602366607,-2.059650596497644,-0.7347948512030471,-0.6998868793051718,2.0370756622691335,1.564714774276646,-0.5849862045983172,-0.53645665554594,-2.004120166099329,2.7903224904471444,-1.1663383110380572,0.20848607032717925,-0.555617292091607,-2.8725885609001742,0.12724147342849332,0.28444925669319654,-3.1698988238913572,-0.021642997166153456,0.7683589046733993,-2.0912905427824113,1.205234147243914,0.7743878872979363,-0.20122335704682823,0.1532990860201227,-0.06466958997981473,-1.321145862408629,0.8412987662827731,0.22100894582267427,-3.58763835789333,3.5289564339413872,1.3020836376505562,-0.05512795520365124,2.7758733489472593,1.3843859744389213
-0.44782709625132094,-0.2311687214276928,-0.15208523503190222,-0.6559259159721309,-0.5053323327144854,0.42730126039222244,-0.2549731536701078,-1.2824893422685633,0.2414373175976718,0.07032448361355713,-0.5732095666893291,-0.07803391551844995,-1.0945926577269833,-0.1722606613566127,0.16303680488610042,-2.05538678661546,-0.7318434039743725,-0.6910613549162052,1.9862969915123092,1.535501635966399,-0.5550464825467109,-0.5380049818720147,-1.9579626351368615,2.741403534711689,-1.1768939157123666,0.20284319398423253,-0.5432690822035189,-2.8598210316831705,0.13400427593564973,0.3002819273563965,-3.210693548434816,-0.005855631581789322,0.7727317954397022,-2.0363385577037656,1.2046502937949897,0.8015694510247797,-0.2111918581461743,0.15365314226503804,-0.06555091725379107,-1.3031956805577982,0.8481772736769628,0.2285495076750483,-3.5256823126051637,3.4955919288381345,1.2970933463115515,-0.04173946169451098,2.7532276124064192,1.3598278774076502
-0.4692975004484343,-0.23640705093889636,-0.15882332517333375,-0.6715494322494506,-0.5112208288288704,0.4469646598418326,-0.25263675861455287,-1.2972116205936906,0.2570000828507683,0.07223415386614386,-0.5663309914832133,-0.08109061560563217,-1.1132978994104776,-0.17680067851956952,0.1813919164029361,-2.0754617068842967,-0.731046782273241,-0.6846394663353642,1.9094133653102328,1.4965210900382775,-0.5241861488397327,-0.5251225550211412,-1.9200044213432848,2.668418801556021,-1.1979931850186303,0.20417340099642906,-0.5539505259764714,-2.877763602068706,0.13261179116999666,0.32559974632010974,-3.1917596152245955,0.0008778525283473018,0.7989901609642487,-1.9401112171661181,1.1810958183613407,0.8753555579283816,-0.2117867915988324,0.15781235482296038,-0.06657702169920392,-1.3177534470441732,0.8617455110643754,0.24328677219496425,-3.423295667757911,3.4357371396438867,1.2776375400375855,-0.031781455156354235,2.6696995243354977,1.29165052489415
-0.4735037399221483,-0.24063071873909278,-0.16146986628798832,-0.6762242074170057,-0.5110443750491049,0.45034625512277277,-0.25552217641925234,-1.2859721247984923,0.25002809761720834,0.06719949588514618,-0.5630610160601542,-0.07930592904871,-1.1183339745257983,-0.18068801600342013,0.1770537400262838,-2.0725583349304717,-0.735193366654033,-0.6868801821872706,1.9114228942181486,1.4939189118306007,-0.5226109648999395,-0.5213757050720692,-1.908569593674409,2.6374051725551206,-1.2037733283061054,0.20506187750153224,-0.5509874960866311,-2.8765758593914503,0.126537056089191,0.3295931597043924,-3.185749911186575,0.002478580058362004,0.8035307121046507,-1.9138768916733313,1.1639860266657145,0.9013028630560103,-0.21600142210155113,0.16075362422905104,-0.059630861740867784,-1.3179702493450678,0.8633314115673681,0.24225168632939506,-3.404760106924038,3.428628672613198,1.2838015266203033,-0.027138099254384866,2.630060352656967,1.2729378338239827
-0.47024305774082253,-0.22624089023429703,-0.15689898380019837,-0.6662159170801856,-0.5036731288832613,0.4246291332847442,-0.26363834280890985,-1.253805096286297,0.21433229091959324,0.05664191481037083,-0.5396093411863233,-0.09578961820847344,-1.1020974341119156,-0.17271952087102127,0.1698368559265565,-2.0418279745154133,-0.7144345708007723,-0.6576015342630882,1.8825130802222738,1.4486371858865,-0.5099166805107294,-0.5052030993858484,-1.933587251206769,2.5760910858675223,-1.1646174259179944,0.20943181897080362,-0.5309114175727655,-2.8341904536085485,0.12067568233805946,0.33768726590377934,-3.014292918473986,-0.022501226626983888,0.839531710483803,-1.7965874757299183,1.0551772273063946,1.0907613740251998,-0.21217803987456268,0.1634474238426141,-0.04688022517281231,-1.2984772576372063,0.8637457772488489,0.24458100095416405,-3.2625430270263167,3.3569244342859994,1.2940556442824007,0.03569207411042686,2.5657086008467918,1.2319500088042705
-0.47024305774082253,-0.22624089023429703,-0.15689898380019837,-0.6662159170801856,-0.5036731288832613,0.4246291332847442,-0.26363834280890985,-1.253805096286297,0.21433229091959324,0.05664191481037083,-0.5396093411863233,-0.09578961820847344,-1.1020974341119156,-0.17271952087102127,0.1698368559265565,-2.0418279745154133,-0.7144345708007723,-0.6576015342630882,1.8825130802222738,1.4486371858865,-0.5099166805107294,-0.5052030993858484,-1.933587251206769,2.5760910858675223,-1.1646174259179944,0.20943181897080362,-0.5309114175727655,-2.8341904536085485,0.12067568233805946,0.33768726590377934,-3.014292918473986,-0.022501226626983888,0.839531710483803,-1.7965874757299183,1.0551772273063946,1.0907613740251998,-0.21217803987456268,0.1634474238426141,-0.04688022517281231,-1.2984772576372063,0.8637457772488489,0.24458100095416405,-3.2625430270263167,3.3569244342859994,1.2940556442824007,0.03569207411042686,2.5657086008467918,1.2319500088042705
-0.4687949661030144,-0.2102904642195895,-0.14988274269731247,-0.6543096009344128,-0.4856492675261161,0.4074962440065766,-0.2689353746512908,-1.202442529497394,0.19869059586295573,0.0565473920030829,-0.5241570839210451,-0.09681630646883337,-1.091397944526932,-0.15588627162191776,0.16086264352405044,-2.018357350185214,-0.7053700856156914,-0.6456990783017615,1.8034406060796304,1.3894675755371508,-0.4781310934104561,-0.49930186234832324,-1.9031748608684589,2.5162929172984536,-1.1528012902374822,0.21171320523640516,-0.5181157831374069,-2.7897847605365755,0.12671625434006187,0.3433784072875181,-2.934322449249781,-0.020868912997028657,0.8710685834768108,-1.7348193536691419,1.0206164010615093,1.1526673978069624,-0.20653472689760688,0.1632117604905084,-0.05674339353916585,-1.3005502281009982,0.876552947401824,0.26118122133143246,-3.1968676623190575,3.3435486935147867,1.3252912058054944,0.060317358419284296,2.560141527641769,1.2246845719555703
-0.46104570947205514,-0.20823536301702844,-0.14524306194400755,-0.6421985053413051,-0.4677012921705934,0.3881623289813847,-0.27260723872560255,-1.1637760645958772,0.19011431370867277,0.052026582993231534,-0.5036930338540692,-0.1004782194785609,-1.080746789447915,-0.1533917635500484,0.16198414602763206,-1.9760998061560238,-0.6911383444535574,-0.6220485673714442,1.739556689661029,1.3470209672793372,-0.4698526700495269,-0.4952785604871073,-1.8956499839471794,2.470781539088335,-1.1449622708657847,0.21181203817329933,-0.5159536400660815,-2.750324211248095,0.11828514689625137,0.3414916786749591,-2.8420488470123715,-0.03233363821538286,0.8784716175068699,-1.706632064896049,0.9703795099977921,1.2062771918544555,-0.20765596913044046,0.161839035522232,-0.062412097484473364,-1.2856170538959855,0.867781024287736,0.26362676730740064,-3.11829864753983,3.2990534781784238,1.3217792534376556,0.06356495090568895,2.5276723088467423,1.215766935970397
-0.4594013742761201,-0.21286656283129787,-0.1549925271748357,-0.638842018560316,-0.4744261326354152,0.3919400944980443,-0.2711401271610259,-1.167648264080739,0.18506069415485732,0.043002931016027264,-0.49700588789527184,-0.09380719322239334,-1.0824568448934335,-0.1565887559354964,0.16216083280905574,-1.9792155125086837,-0.6868857615248709,-0.6188689664864765,1.719908771707418,1.3236026002480643,-0.45631174640603667,-0.4967922818485701,-1.8899400669394673,2.455358930746477,-1.137700983304194,0.21409136786200345,-0.5156177159484793,-2.744342249696361,0.11805080330608199,0.3475936370782564,-2.828155870657504,-0.03075128527355918,0.8864552029839621,-1.6885056811235442,0.9566307155672494,1.2240982472864008,-0.2033696795263679,0.1700977603039472,-0.043043781774751176,-1.2846329150356173,0.8756084807119088,0.2682867722113474,-3.09136181413482,3.282598547171283,1.333635678586463,0.07092527024805749,2.5167456247134856,1.2096918582261085
-0.4684854388356776,-0.20654712884145376,-0.14661531264435176,-0.6482892113168244,-0.47402366359996967,0.39980485368614566,-0.26973235677052676,-1.1492499769561515,0.1877054991570704,0.05100428305758104,-0.4864442244206003,-0.09528338802728122,-1.0918869639738138,-0.15912591185590308,0.1724779355515716,-1.96410892443987,-0.6782510395481502,-0.5937835159066657,1.6404401940432969,1.2597915190555877,-0.4116103799598327,-0.4802265914380183,-1.824772094626673,2.340110889055013,-1.1510560416873452,0.2124125230814596,-0.506995692069598,-2.723617508978485,0.12256111899423681,0.3812051575883108,-2.7556182413998713,-0.03093085777167285,0.9115593983998337,-1.5945381776042402,0.9228432269012438,1.2731658805940262,-0.2143116746058942,0.17461729773066031,-0.04031713570388235,-1.2815973973270747,0.8754828745313995,0.28262479579027516,-2.9900598637279034,3.2207646893506157,1.3218117252368413,0.0979313123418467,2.469405229904927,1.165613085412261
-0.47056257224143333,-0.2074371293107161,-0.14220650881149888,-0.6428331763259818,-0.4754730161044,0.40706982768187683,-0.2672138811771136,-1.1508803941307646,0.2038294288319883,0.05243838696151515,-0.48466993810621006,-0.09441925854805945,-1.0921536579721862,-0.15992022591547012,0.1782284970325821,-1.9395175417278436,-0.6723735103171952,-0.5755530133237635,1.5169888532590812,1.172521942482808,-0.36550641008619744,-0.47182860157820217,-1.788832227562661,2.2453985460674084,-1.1576165400474654,0.20513997286703065,-0.4931475302662687,-2.6621570720268264,0.12002533229968583,0.3824241295376094,-2.6798165982503885,-0.021573481504157496,0.9113683482267102,-1.4998700020542666,0.8658590614934504,1.3193011280302265,-0.2116113758186636,0.17172164762478465,-0.049758657148032855,-1.241678654568262,0.8493798940383623,0.2568679262486938,-2.7965563503596647,3.057167677551674,1.243579848742642,0.08861636330344339,2.3264255974393673,1.0672896141042372
-0.4830016537769048,-0.2182908042359002,-0.14776345228734478,-0.6431160766136534,-0.47185164618199965,0.4116724535960353,-0.27069377128456856,-1.150630358296627,0.20471755783389628,0.053100212637977436,-0.48469534440942175,-0.09887682363855901,-1.0938592180656264,-0.1630903112625414,0.1784139829836554,-1.9303210218783537,-0.6645033220116917,-0.5571910194818213,1.474546615439507,1.1577236799104855,-0.3602822513960059,-0.46998356852476153,-1.7809742766482513,2.2216006532346135,-1.1625763745703608,0.20784165476727107,-0.49857105409228186,-2.647827027854482,0.11706659315098782,0.3846959206915227,-2.6345613102546928,-0.02599554901044621,0.9154966758535157,-1.4710009022123267,0.8510968855895774,1.3269896401980767,-0.21320007438975755,0.17039500471753147,-0.04788574031352301,-1.221174676862053,0.8402336292068096,0.24192581266971624,-2.730141029756329,2.99827736756768,1.220272616109005,0.08142569610724394,2.2713156876270895,1.0268546910940675
-0.5003728349659262,-0.2210637270015253,-0.15383227588307943,-0.6471732828089052,-0.4701395623208674,0.41089824133877234,-0.2664911515220113,-1.1403302150615162,0.20115880790617216,0.052739171692766595,-0.46056124830410994,-0.09863035265175644,-1.1104990920722744,-0.1652621653765745,0.18972023699171905,-1.9110824516326588,-0.6608644374436863,-0.541648740173516,1.394998814146903,1.0941200152155086,-0.3180603870894628,-0.4604121643687255,-1.728744975637537,2.1116906415297274,-1.1830553525087175,0.20406690513474934,-0.4926520706631591,-2.622442253993314,0.10753541209916395,0.40311346270171633,-2.592802286964801,-0.015097150521686534,0.9080758222957623,-1.375407286728072,0.8291944679920301,1.3315604842807516,-0.21775339828750978,0.17609872362097037,-0.04295796418052587,-1.1906904968719132,0.8242836337739694,0.23382950486861132,-2.598490921305794,2.8632221026510845,1.148291938392477,0.05729552441132094,2.0864372863707223,0.914938493902754
-0.49756366894885196,-0.21230006239564952,-0.1533631317855991,-0.6409992735495849,-0.4701045388771242,0.4128871611687156,-0.26839028709582624,-1.1261996984219174,0.19196924036448776,0.05333644514122773,-0.45195764101657343,-0.10338230733456358,-1.1070138889946324,-0.1658060654740411,0.19208726513563237,-1.914049763652373,-0.663055262893822,-0.5439754487163904,1.3636356995560093,1.072071194782069,-0.30072424582232504,-0.4601774568596713,-1.7111597690429559,2.0772131769857993,-1.1897933359645971,0.19975823447720986,-0.4909642158279522,-2.6181374149022036,0.10192828626305732,0.39721925183990625,-2.60252155754129,-0.00931075709336441,0.9078746220324834,-1.3425621970477577,0.8314565767898324,1.3250135801091205,-0.22268922694248725,0.1832022258606402,-0.035765782153652836,-1.197618725298177,0.8215612145247808,0.2345354970919146,-2.566757854932188,2.8468029428052533,1.1411712051472902,0.05843915547555378,2.0588901614757007,0.8957198656779323
-0.4982831963043364,-0.21902581975520172,-0.1519725602752571,-0.63756794744888,-0.4653348513448305,0.404720445045098,-0.26234537709548655,-1.100342099477167,0.18910940829254022,0.05260522128783859,-0.422582296495429,-0.10079406511745594,-1.1089694521557492,-0.16794033452836601,0.1967598250494383,-1.908792287260583,-0.6619936905421151,-0.5344678167601579,1.3136142080364495,1.0379672124491233,-0.29062636456473784,-0.44880241044184066,-1.6571691619900466,1.9799212176801528,-1.2017195158285774,0.19449489425782185,-0.4865517288761528,-2.6120142495340644,0.09858384767295839,0.40688826066909795,-2.5471027516681812,-0.013922270809678235,0.9159453381471423,-1.294393263184872,0.8187062287587263,1.337509035025901,-0.22445352926854403,0.18051445634093374,-0.027460888748135324,-1.1950796519150917,0.8340019635741549,0.2457048218743312,-2.526472513147932,2.8152590525684804,1.1437231873961262,0.059439510810028046,2.0138422254188653,0.862413778621184
-0.4925996647508692,-0.2189766776778748,-0.14901642437783155,-0.6242399371196881,-0.4638800521169428,0.4011104467490472,-0.26162501512746544,-1.0777426303203987,0.18166668845810668,0.04911986893475846,-0.40544116901132105,-0.11081653864673587,-1.1126735723232668,-0.17334955541398697,0.20277910297866886,-1.899465091417728,-0.6657372683596369,-0.5331223040014623,1.2896386145682626,1.0098817975628063,-0.27240360259160923,-0.44576912511179695,-1.6269393962436625,1.9251940330090012,-1.219322578875064,0.1845095156494061,-0.4663603780125891,-2.6022839707729686,0.09261275046539338,0.4099563135560019,-2.5343669207140316,-0.012765622289973383,0.9238401810136195,-1.2550190024637704,0.8127250337301907,1.3506698492462217,-0.23424077575418997,0.187722408189826,-0.025110130662925723,-1.2225092008724536,0.8450940319363998,0.2568537674785769,-2.504559107429943,2.803595059475176,1.150862381501517,0.0669651258265916,1.996530485124219,0.8518750829625065
-0.4841261484550874,-0.21019171690991947,-0.14573997769438937,-0.6056330423656343,-0.4593296125408362,0.3906448476827114,-0.2554910936928752,-1.0409705747979694,0.18435498648554022,0.05751238579520756,-0.38787369130641675,-0.10391928189466358,-1.10729967109473,-0.1754947645530589,0.20414432790540624,-1.8676267060106158,-0.672671018137998,-0.5254049247788062,1.2331886540417265,0.94592676256108,-0.2461138386602543,-0.4246009333950091,-1.5584861126999352,1.8012470080232825,-1.2208326492778245,0.1816922620251999,-0.4560625027263817,-2.5711952983552147,0.08175376421325764,0.4264846869695688,-2.461264440645243,-0.018148879446777476,0.9438278998527957,-1.1761040994258862,0.7816408814861098,1.3833705987315983,-0.22625330172857533,0.19165328939220083,-0.027151575750786864,-1.2096301728847727,0.8459206117431561,0.2632902782685278,-2.451729068163539,2.782769146436793,1.1660758675516603,0.0764174245623841,1.9777008809753018,0.8316804489626389
-0.4729520826264967,-0.21207278189290943,-0.14109310590568422,-0.5954099409215109,-0.4610108435477301,0.3934070924076726,-0.25187518889201327,-1.0220904521641503,0.17482954976853862,0.0575632043201973,-0.3740845827329477,-0.11579107949351684,-1.0894070350934593,-0.17329444272944827,0.20307002493211831,-1.8448870527097578,-0.6521502755602341,-0.49707927345428665,1.190912313751709,0.9030800789632685,-0.21437461062877464,-0.4176960448123187,-1.5056718428968472,1.7456385331394075,-1.204084029077123,0.18396256553735926,-0.4516357335878994,-2.553444818245042,0.07725904342345948,0.4303822789057431,-2.3977692337045142,-0.02717348469552236,0.952160706211029,-1.1368200757135591,0.7795185021597579,1.3856995711373736,-0.2322709149461303,0.19461129534158442,-0.02010509199922424,-1.2174067741867984,0.8589714482663484,0.2745079344038922,-2.417087839775417,2.774452506479724,1.1725481872947412,0.08675772335030295,1.9732589664395332,0.8413626212303337
-0.45778879766268227,-0.21298438421175045,-0.14014826778725598,-0.5755153317613028,-0.44644756058526575,0.37717623654094845,-0.2514072092155043,-0.9887072246214165,0.16715550231794532,0.05840367820014906,-0.3601646710679254,-0.11144823525703529,-1.0806355120893,-0.17092608729027683,0.20528429614573884,-1.8235262426558259,-0.6535560229268302,-0.4919382623545998,1.1593857659738571,0.8784140974844848,-0.1993517979516606,-0.411604428681951,-1.475079571635163,1.698628792513111,-1.1930265956309494,0.18421840392828537,-0.44519598267894567,-2.52921507245404,0.07469926110664582,0.4239177860901426,-2.378567693335257,-0.026880839560955966,0.9688856411319885,-1.1073597766151266,0.765147920035636,1.4063156926325144,-0.23550636368469355,0.19331306211069538,-0.019473735372987182,-1.1957714835235007,0.857676159636836,0.2797722864291951,-2.4099483648219016,2.7814279310494356,1.1962703352013568,0.10912175048762322,1.9898122902892543,0.8458693035075323
-0.4493926230840577,-0.20556422918357156,-0.1424333508502609,-0.549325768322017,-0.4336818764460361,0.36021188437698504,-0.24337975163948491,-0.9494437346512,0.1502856652286443,0.06392353209697,-0.33751022060974134,-0.11724693373124791,-1.0680151739832182,-0.18047840710965854,0.20941710662741678,-1.7961257495157723,-0.6518548255468903,-0.47626774447509973,1.1138008792517538,0.8233193522656488,-0.17034568584331483,-0.3950187466216136,-1.4034578503119282,1.60223297507815,-1.199271967065389,0.17820019304910992,-0.4279464759566015,-2.5142328042856312,0.06836104799645319,0.43603556356648465,-2.317395400805371,-0.03485433832860038,0.979815718290473,-1.0737076399305063,0.756038981635584,1.4151950452290156,-0.22714235871096358,0.1930991890634588,-0.016337178748899447,-1.2144442682698426,0.8635631232509104,0.29223623922758035,-2.4078117965033212,2.79779122726496,1.2162223339319882,0.1201575375830282,2.0131568049260333,0.865465812396147
-0.4537788066463499,-0.2107374659320233,-0.13879140167279114,-0.5408538965948929,-0.43201144978422196,0.36121731007601976,-0.23451296216775006,-0.9249542277876244,0.1505863095122264,0.0636180062968768,-0.32013391500563704,-0.11588693265441317,-1.075530777200685,-0.18450775384895207,0.21873459810393459,-1.7912755347496014,-0.6593073911309556,-0.4739740296996422,1.0569363509098226,0.7876764300309769,-0.1458920804573802,-0.3841635841641271,-1.3447348793736238,1.5288578661722025,-1.2235738410621844,0.17368358796044936,-0.4276283892990994,-2.5071138981154304,0.06219231921919036,0.4436770531283664,-2.318452134092583,-0.0263007623884727,0.98247280676858,-1.0385255359664602,0.7543904872264359,1.418309904045203,-0.24068590694071926,0.2004023441993001,-0.009803495204144454,-1.2314438371386713,0.8756335837842725,0.309125573223997,-2.3934760161440076,2.7948530805206393,1.217293513719248,0.1185036278828883,2.009509571426802,0.8641286594073787
-0.45694638303045987,-0.22250078718020186,-0.1328269458503344,-0.540984155559055,-0.44866260695290006,0.3721510546784957,-0.21885276986784777,-0.9208640201530782,0.16259645147118362,0.06051498956489725,-0.30106415691499194,-0.11730769615528946,-1.099285736004117,-0.2000383924605372,0.23896243949350485,-1.788294647831819,-0.6606118972536354,-0.45147075443536855,0.9763296500155054,0.7299549564949073,-0.09465905177693372,-0.36199495723306035,-1.2495196836023361,1.412700740141791,-1.2762631709897796,0.15756053210665755,-0.4095205375719686,-2.510959401912174,0.046907992133526935,0.4589422445172914,-2.280102591521609,-0.025763448250350526,0.9886811225749073,-0.9619552361029649,0.7693444356814416,1.3946478051667806,-0.26404179586651144,0.2120533795198699,0.002083406013827369,-1.2523975430494345,0.8879211849136344,0.3142275237982316,-2.3791561204202876,2.77000631539231,1.2070973277151564,0.11346036296703188,1.9702415722663038,0.8350088754384766
-0.4611676802659359,-0.2268660758010501,-0.13435096311310077,-0.5283897018991994,-0.44523806020014023,0.3750852586861846,-0.21596329109900853,-0.9174736839929631,0.1652113253452052,0.07727590692283025,-0.2920632814903748,-0.12200855749036689,-1.101248931993718,-0.20918134399580052,0.2487110000184426,-1.800338583444387,-0.6654282234160254,-0.46028613913072974,0.9510793930240315,0.7129202574044803,-0.07832542326127924,-0.3506379034389546,-1.2087620502587573,1.3537879579136343,-1.294631593601167,0.1475319492592369,-0.38999695672503226,-2.5051937369917847,0.043967323888699,0.45977301743694104,-2.2914314088114294,-0.018569439516654393,0.9867457271824612,-0.9361877859658243,0.7856356366607637,1.3655646161389212,-0.26859748671904726,0.2176876177031423,0.0034403187823186065,-1.2438493164063964,0.8842292587024183,0.3074300887785539,-2.3702280524522283,2.7587241694366096,1.1904410909350835,0.1008637631620645,1.9452904393258639,0.8138296450443356
-0.464620045439849,-0.24219140910544856,-0.13277194719187022,-0.525600440588212,-0.4482446584128026,0.38572929337595824,-0.21419398415468258,-0.9127812506984739,0.17697850543031235,0.07436272578571439,-0.2938648307719645,-0.1239900593023084,-1.1106958653598542,-0.21342337856015028,0.2625802309246852,-1.7912009515589022,-0.6701064653390014,-0.45060387194917434,0.9274985196780854,0.6991011182204443,-0.06838295556300085,-0.3358928958537698,-1.1683563808975928,1.3007876831920742,-1.3214457068151992,0.144622794067341,-0.39992619530258944,-2.5180937056535364,0.041015227147244475,0.4597525538309857,-2.307995730083466,-0.011844442847867516,0.9746559625823112,-0.9102433112296293,0.7981916267107967,1.3539909547901514,-0.27045941713572136,0.2177296489886389,0.005481925011180388,-1.2434258393476232,0.8716495146173148,0.30268375455301344,-2.3910562393611072,2.739609573311355,1.167785246590636,0.08319817366285712,1.898385009794791,0.7801730733914549
-0.5138583659460618,-0.25751890994691207,-0.1489865950813112,-0.5850890123201297,-0.4751789573130598,0.4243362432088726,-0.2271812359156177,-0.9619401782498892,0.1883347302453928,0.06640590069873034,-0.2905330904717163,-0.12467783225462137,-1.1567884567018596,-0.22772837577330796,0.2701837342050082,-1.8485578236911955,-0.6808768955158231,-0.47875298290135404,0.9236450894146297,0.735095667710233,-0.08085629482052717,-0.335994865257335,-1.1469820091660545,1.2579275519584943,-1.420679051259019,0.12636224224563222,-0.4035856818644209,-2.5703492622282518,0.039492314507365546,0.45764098665038594,-2.442788932586309,0.014679245238216336,0.9376883946671989,-0.8827917233225735,0.8868180218054816,1.2771941739283394,-0.29384731894844845,0.2209599129024714,0.009717217429036513,-1.2640413488119073,0.8602387540829125,0.2755616525838333,-2.404535010288457,2.693874143691069,1.0980190252936586,0.011457801051287275,1.680103217074877,0.6393556004961016
-0.5356557875813099,-0.26606502802122195,-0.16429448225240958,-0.6146320392425817,-0.49275635386542255,0.4475298943424869,-0.22847990526853773,-0.9878366520715183,0.1924497356601437,0.05883975844040679,-0.2871633793182097,-0.11731007590875109,-1.1907923307818826,-0.233763273916654,0.2816470608753378,-1.8992546942301833,-0.7040972754044387,-0.5146148590072693,0.9555295235823693,0.7717208608776059,-0.11445556939443385,-0.33362321379395793,-1.1483388358750257,1.2186169442705699,-1.4803245571921404,0.10703368307397006,-0.386448553788302,-2.6123970406448915,0.03259880709558061,0.4448741690393221,-2.5760393930469,0.03801082392889564,0.8908584810685305,-0.8716101628145937,0.9028891689868234,1.2495870290937916,-0.31341730183248423,0.22269870638348316,0.011962533026247944,-1.2721163082424716,0.8481049593910747,0.2659227256964336,-2.3687989486201224,2.60833854406987,1.0318732434447824,-0.015791311055852107,1.549200751688338,0.5726456680511588
-0.5503968066340014,-0.2780885289085463,-0.16738954437051212,-0.6199404193302729,-0.4958361707156673,0.45443444122711746,-0.2245142929008127,-0.9879875278761479,0.18876404458828422,0.06534650153095285,-0.2765959738970792,-0.11795524334324756,-1.1997033038512406,-0.23640970194667726,0.2851768004686985,-1.898902550147982,-0.6991796261303806,-0.5052754979108912,0.9580614073068222,0.7758987067651477,-0.10994513783117499,-0.32607443515847545,-1.124783154472805,1.1802766999033518,-1.5105367157717904,0.10439242914376928,-0.40026988396515073,-2.642440650519698,0.03647921861144599,0.45385392968160343,-2.6069149594414385,0.04341441124535678,0.8866587412084306,-0.8546849297027573,0.916445371012633,1.2388136457671832,-0.31142376871568844,0.22265684007830383,0.007744269797101058,-1.2814642465961128,0.8470403280485456,0.2567350041654824,-2.346781656087095,2.5982740082950433,1.0035576724069202,-0.022526089247874834,1.5026203984065776,0.5439510206329775
-0.5601130161202379,-0.2790730293588769,-0.16842783097830452,-0.6199404193302729,-0.4958361707156673,0.45443444122711746,-0.2263306461942903,-0.9981775876823565,0.19171617009199168,0.062126656523417,-0.267936083721025,-0.11819174922912738,-1.2176432968725297,-0.24034072855863273,0.2943351781337334,-1.898902550147982,-0.6991796261303806,-0.5052754979108912,0.9568586722181821,0.7793433373484742,-0.10442977323098934,-0.31911916269104745,-1.100984031684317,1.1554463800969557,-1.539118015861314,0.09992466535311922,-0.40097232506430264,-2.642440650519698,0.03647921861144599,0.45385392968160343,-2.6471642313107546,0.0524297693422131,0.887120812498293,-0.8292407773368969,0.9271741410169703,1.2380625765041058,-0.31838765389413953,0.22829041925823873,0.017129553861862063,-1.2750522431526499,0.838775462558705,0.25344470081908854,-2.346781656087095,2.5982740082950433,1.0035576724069202,-0.014633209823102,1.470338762786061,0.5214373475735993
-0.5686234896196616,-0.2864092617072711,-0.16982639605221786,-0.6276086055425231,-0.5040687220291591,0.4602081548013401,-0.2272258199004308,-0.9871188216283874,0.19030251120303732,0.06049233233503,-0.26273109339593276,-0.11817272397777569,-1.222131041662884,-0.25088693247079585,0.285311668687415,-1.9294455778491193,-0.722013634133115,-0.5372012805942147,1.0044298636600213,0.8058688497395656,-0.12774593844881704,-0.3047636009087208,-1.0876569203724287,1.1129643675533836,-1.5617249028868876,0.09712445705790931,-0.40787626925819526,-2.681802543760574,0.025845915478175455,0.46222692075107336,-2.6479725501773794,0.045723735953052985,0.8924891305240277,-0.8060337984344546,0.9113014343211762,1.2683077177484743,-0.337952074712683,0.22997714622038087,0.017504438968185442,-1.2844360615014978,0.8488707793820095,0.27184676099344884,-2.305295764416249,2.5844471062165923,1.0114088883554484,-0.016386847247159494,1.4402052111387482,0.5025544061848928
-0.5730297538843178,-0.2751266790361446,-0.17517738323493243,-0.6253245210346775,-0.5058871041768246,0.45796583195873836,-0.2316783818590277,-0.9842828351667492,0.18018702939653594,0.057621397823065246,-0.26627296966326436,-0.12049409720354491,-1.2223866831429717,-0.24655411118934012,0.2870723726785807,-1.9402278640756652,-0.7252173872457031,-0.548440434677471,1.030936411308558,0.8183523079468761,-0.14776491017656065,-0.30660307247487484,-1.099314299080346,1.1170589350722258,-1.5639261296814868,0.09475299249492475,-0.4048241154847158,-2.6931697764764455,0.020163843153227008,0.4587068017146022,-2.626402467253587,0.035508921016267576,0.8962558338415911,-0.7992645815472678,0.8971960243691505,1.293743643381587,-0.3285053323777339,0.2339543538092871,0.019983524126588215,-1.2918919368752702,0.8619497238915698,0.28112728550385974,-2.295814255505689,2.5854735532488915,1.0221394736360137,-0.006804717360476745,1.4314778649980315,0.49655355493433395
-0.5736468484730664,-0.2639454742562581,-0.17690681734528615,-0.6333766630488887,-0.49456490011042914,0.44232076883376503,-0.23634582868580675,-0.9486551170360388,0.15327231972817426,0.05864588357686055,-0.24881563242045643,-0.12766998236733518,-1.2200290471640896,-0.24325734913014002,0.26982766321458856,-1.9487444150805278,-0.7461212514688333,-0.5796832472086295,1.0902823498579686,0.8409614358476707,-0.17649316560231434,-0.30353514308362495,-1.1134357100656471,1.0795327107144972,-1.5771458150297162,0.08876464837849067,-0.38942601025669643,-2.713705655220728,-0.0025956576563120944,0.44975734145614543,-2.5759441294472905,0.011590126502509297,0.9099193044030112,-0.7908776528230432,0.8620293988090817,1.3405843770743369,-0.33593560112648607,0.24645433939899977,0.03986394669133728,-1.332451762934161,0.8881927629460169,0.31536358489811667,-2.323961289202161,2.6249663769918112,1.0610310288480158,0.010761997056289373,1.4185408355438585,0.487783113666013
-0.5697098411108202,-0.2632651590339717,-0.17832581237370587,-0.6246133415455297,-0.4954946807992899,0.422106595739767,-0.2367035428374067,-0.936390568167984,0.13150929202518025,0.05331576243300246,-0.2331655282096812,-0.12480380693000188,-1.2162597257272665,-0.2429589689569029,0.2642061308046429,-1.9475379021877373,-0.7505633150138599,-0.5848390585033973,1.130904764799395,0.8536593989629838,-0.1953114923521398,-0.29605500726624107,-1.1153582296081592,1.0409677024373938,-1.5791813379860673,0.08667977397418293,-0.39217449915333485,-2.7203167032816977,-0.01675499551129973,0.44441724887011647,-2.494874532454768,-0.012312345045211403,0.9213471917757234,-0.7562642370224527,0.8281412815748501,1.3758439138717957,-0.34502832256714133,0.2534503465491221,0.04783140190770866,-1.36284845086312,0.9106854125054786,0.3451703330762184,-2.3248498769410633,2.6457392852202473,1.0955001054789404,0.02989371684395867,1.4149496922528044,0.4860622786195097
-0.5699586199620331,-0.24924326952853268,-0.18361237601561314,-0.6317954947361771,-0.4871876176860971,0.41529452117901816,-0.24012220644030877,-0.9190408939439053,0.11822318515395126,0.045082872742373443,-0.2367672515989717,-0.11314571215835952,-1.216195021138361,-0.23420317948974498,0.2542214204347883,-1.9501543677534894,-0.7529967722589329,-0.5892730754714511,1.1439454729032799,0.8538590329356153,-0.20796639105920905,-0.29822301062284623,-1.1238090415853714,1.0245939737444223,-1.5761470739883066,0.08138561373550464,-0.37216326706472613,-2.7248772916439883,-0.026595569947275067,0.4393729901064142,-2.473771384348645,-0.01842697761205735,0.9289675525491898,-0.7506404698815905,0.8086647548561023,1.3950027110605394,-0.3512207962553061,0.25765013945327137,0.04661852441354043,-1.360346549335512,0.9152657075970261,0.34845149580998713,-2.314975597239306,2.6558139770009843,1.11753569036766,0.03626067913244349,1.4105849636193275,0.48345675880781297
-0.5728095547047749,-0.23976646319846334,-0.17618757897372903,-0.6369555478426143,-0.4805916127945335,0.4085512158743021,-0.24339820511932136,-0.8989828218201176,0.09818660153380089,0.04367327956649656,-0.2157978048175849,-0.1149564103380377,-1.2172031378610602,-0.23680388796441143,0.2386610336880968,-1.9611956096293497,-0.7779049003303669,-0.6381764110126311,1.203522691094169,0.8764030658181764,-0.24275344962619633,-0.29866762548839565,-1.1427563331330435,0.9680164340641536,-1.5868251935499949,0.07670356935217677,-0.36248927444755946,-2.732423050758145,-0.04740620568344006,0.422451112496858,-2.387394787916092,-0.04673004773999397,0.9285219216648132,-0.7403182654028441,0.7548139931011115,1.422237950012278,-0.36235512091659766,0.2577593783550282,0.054244936424324944,-1.3997846123452735,0.9273020731757958,0.36904841408748573,-2.3418469738840604,2.659211667905523,1.1144566060349197,0.032576602142065,1.3836181834062173,0.4762252013763026
